[
{
  "status": "",
  "Kmats" : [
    [
      [  3.260021781344836e+04,    7.606717489804617e+04,   -3.260021781344836e+04,   -7.606717489804617e+04  ],
      [  7.606717489804617e+04,    1.774900747621077e+05,   -7.606717489804617e+04,   -1.774900747621077e+05  ],
      [ -3.260021781344836e+04,   -7.606717489804617e+04,    3.260021781344836e+04,    7.606717489804617e+04  ],
      [ -7.606717489804617e+04,   -1.774900747621077e+05,    7.606717489804617e+04,    1.774900747621077e+05  ]
    ],
    [
      [  1.774900747621077e+05,    7.606717489804617e+04,   -1.774900747621077e+05,   -7.606717489804617e+04  ],
      [  7.606717489804617e+04,    3.260021781344836e+04,   -7.606717489804617e+04,   -3.260021781344836e+04  ],
      [ -1.774900747621077e+05,   -7.606717489804617e+04,    1.774900747621077e+05,    7.606717489804617e+04  ],
      [ -7.606717489804617e+04,   -3.260021781344836e+04,    7.606717489804617e+04,    3.260021781344836e+04  ]
    ],
    [
      [  0.000000000000000e+00,    0.000000000000000e+00,    0.000000000000000e+00,    0.000000000000000e+00  ],
      [  0.000000000000000e+00,    1.200000000000000e+05,    0.000000000000000e+00,   -1.200000000000000e+05  ],
      [  0.000000000000000e+00,    0.000000000000000e+00,    0.000000000000000e+00,    0.000000000000000e+00  ],
      [  0.000000000000000e+00,   -1.200000000000000e+05,    0.000000000000000e+00,    1.200000000000000e+05  ]
    ],
    [
      [  1.200000000000000e+05,    0.000000000000000e+00,   -1.200000000000000e+05,    0.000000000000000e+00  ],
      [  0.000000000000000e+00,    0.000000000000000e+00,    0.000000000000000e+00,    0.000000000000000e+00  ],
      [ -1.200000000000000e+05,    0.000000000000000e+00,    1.200000000000000e+05,    0.000000000000000e+00  ],
      [  0.000000000000000e+00,    0.000000000000000e+00,    0.000000000000000e+00,    0.000000000000000e+00  ]
    ],
    [
      [  3.299831645537222e+04,   -3.299831645537222e+04,   -3.299831645537222e+04,    3.299831645537222e+04  ],
      [ -3.299831645537222e+04,    3.299831645537222e+04,    3.299831645537222e+04,   -3.299831645537222e+04  ],
      [ -3.299831645537222e+04,    3.299831645537222e+04,    3.299831645537222e+04,   -3.299831645537222e+04  ],
      [  3.299831645537222e+04,   -3.299831645537222e+04,   -3.299831645537222e+04,    3.299831645537222e+04  ]
    ]
  ],
  "disp" : [
    [ 0.000000000000000e+00,  0.000000000000000e+00],
    [ 5.389536380057676e-01, -9.530613006371175e-01],
    [ 2.647036149579491e-01, -2.647036149579490e-01],
    [ 0.000000000000000e+00,  0.000000000000000e+00]
  ]
}
]
