[
{
  "Kmats" : [
    [
      [  9.765625000000001e+02,  0.000000000000000e+00, -9.765625000000001e+02,  2.604166666666667e+02,  0.000000000000000e+00, -2.604166666666667e+02],
      [  0.000000000000000e+00,  3.906250000000000e+02,  5.208333333333334e+02, -3.906250000000000e+02, -5.208333333333334e+02,  0.000000000000000e+00],
      [ -9.765625000000001e+02,  5.208333333333334e+02,  1.671006944444445e+03, -7.812500000000000e+02, -6.944444444444445e+02,  2.604166666666667e+02],
      [  2.604166666666667e+02, -3.906250000000000e+02, -7.812500000000000e+02,  2.126736111111111e+03,  5.208333333333334e+02, -1.736111111111111e+03],
      [  0.000000000000000e+00, -5.208333333333334e+02, -6.944444444444445e+02,  5.208333333333334e+02,  6.944444444444445e+02,  0.000000000000000e+00],
      [ -2.604166666666667e+02,  0.000000000000000e+00,  2.604166666666667e+02, -1.736111111111111e+03,  0.000000000000000e+00,  1.736111111111111e+03]
    ],
    [
      [  1.302083333333333e+03,  0.000000000000000e+00, -9.765625000000001e+02,  2.604166666666667e+02, -3.255208333333334e+02, -2.604166666666667e+02],
      [  0.000000000000000e+00,  5.208333333333334e+02,  5.208333333333334e+02, -3.906250000000000e+02, -5.208333333333334e+02, -1.302083333333333e+02],
      [ -9.765625000000001e+02,  5.208333333333334e+02,  1.253255208333333e+03, -5.859375000000000e+02, -2.766927083333334e+02,  6.510416666666666e+01],
      [  2.604166666666667e+02, -3.906250000000000e+02, -5.859375000000000e+02,  1.595052083333333e+03,  3.255208333333333e+02, -1.204427083333333e+03],
      [ -3.255208333333334e+02, -5.208333333333334e+02, -2.766927083333334e+02,  3.255208333333333e+02,  6.022135416666667e+02,  1.953125000000000e+02],
      [ -2.604166666666667e+02, -1.302083333333333e+02,  6.510416666666666e+01, -1.204427083333333e+03,  1.953125000000000e+02,  1.334635416666667e+03]
    ],
    [
      [  6.510416666666667e+02,  0.000000000000000e+00, -6.510416666666667e+02,  2.604166666666667e+02,  0.000000000000000e+00, -2.604166666666667e+02],
      [  0.000000000000000e+00,  2.604166666666667e+02,  5.208333333333334e+02, -2.604166666666667e+02, -5.208333333333334e+02,  0.000000000000000e+00],
      [ -6.510416666666667e+02,  5.208333333333334e+02,  1.692708333333333e+03, -7.812500000000000e+02, -1.041666666666667e+03,  2.604166666666667e+02],
      [  2.604166666666667e+02, -2.604166666666667e+02, -7.812500000000000e+02,  2.864583333333333e+03,  5.208333333333334e+02, -2.604166666666667e+03],
      [  0.000000000000000e+00, -5.208333333333334e+02, -1.041666666666667e+03,  5.208333333333334e+02,  1.041666666666667e+03,  0.000000000000000e+00],
      [ -2.604166666666667e+02,  0.000000000000000e+00,  2.604166666666667e+02, -2.604166666666667e+03,  0.000000000000000e+00,  2.604166666666667e+03]
    ],
    [
      [  9.765625000000001e+02,  0.000000000000000e+00, -6.510416666666667e+02,  2.604166666666667e+02, -3.255208333333334e+02, -2.604166666666667e+02],
      [  0.000000000000000e+00,  3.906250000000000e+02,  5.208333333333334e+02, -2.604166666666667e+02, -5.208333333333334e+02, -1.302083333333333e+02],
      [ -6.510416666666667e+02,  5.208333333333334e+02,  1.128472222222222e+03, -5.208333333333334e+02, -4.774305555555556e+02,  0.000000000000000e+00],
      [  2.604166666666667e+02, -2.604166666666667e+02, -5.208333333333334e+02,  1.909722222222222e+03,  2.604166666666667e+02, -1.649305555555555e+03],
      [ -3.255208333333334e+02, -5.208333333333334e+02, -4.774305555555556e+02,  2.604166666666667e+02,  8.029513888888889e+02,  2.604166666666667e+02],
      [ -2.604166666666667e+02, -1.302083333333333e+02,  0.000000000000000e+00, -1.649305555555555e+03,  2.604166666666667e+02,  1.779513888888889e+03]
    ]
  ],
  "disp" : [
    [ 0.000000000000000e+00,   0.000000000000000e+00],
    [ 0.000000000000000e+00,   0.000000000000000e+00],
    [-1.035527877607004e-02,  -2.552969847657423e-02],
    [ 4.727650463081949e-03,  -2.473565538172127e-02],
    [-1.313941349422282e-02,  -5.549310752960183e-02],
    [ 8.389015766816341e-05,  -5.556637423271112e-02]
  ],
  "sigmas" : [
    [ 
      [-5.283090599362460e+01, -5.272560566371797e+00, -1.128984616188524e+01, 0]
    ],                                                                          
		[                                                                           
      [ 2.462317949521848e+01,  4.924635899043697e+00, -5.153261537858599e+01, 0]
    ],                                                                          
		[                                                                           
      [-1.465334062185674e+01, -3.663335155464233e+00, -7.326670310928396e+00, 0]
    ],                                                                          
		[                                                                           
      [ 3.102227081237862e+00,  5.914066048600676e+00, -2.178221979271434e+01, 0]
    ]
  ]
}
]
