[
{
  "status": "There are   12 equations and the skyline storage is   58",
  "Kmats" : [
    [
      [  4.145299153899789E+02, -6.410256675972500E+00,  1.282051134704921E+01,  6.410256914773158E+00, -1.282051246145228E+01, -3.205128258214119E+01,  1.880341878109254E+02,  3.205128234334054E+01 ],
      [ -6.410256675972496E+00,  7.051282113389323E+01, -1.282051247519651E+01,  1.923076855330780E+01, -6.410256436770716E+01, -5.769230733324714E+01, -3.205128234334053E+01, -3.205128235395389E+01 ],
      [  1.282051134704917E+01, -1.282051247519651E+01,  2.948717975954594E+02, -1.025641036258208E+02,  8.974358861192951E+01,  5.128205173331020E+01, -1.282051246145228E+01,  6.410256436770715E+01 ],
      [  6.410256914773158E+00,  1.923076855330780E+01, -1.025641036258208E+02,  1.602564132190665E+02, -5.128205173331020E+01, -1.217948744391272E+02,  3.205128258214119E+01, -5.769230733324714E+01 ],
      [ -1.282051246145228E+01, -6.410256436770716E+01,  8.974358861192951E+01, -5.128205173331020E+01,  2.948717975954594E+02,  1.025641036258208E+02,  1.282051134704917E+01,  1.282051247519651E+01 ],
      [ -3.205128258214119E+01, -5.769230733324714E+01,  5.128205173331020E+01, -1.217948744391272E+02,  1.025641036258208E+02,  1.602564132190665E+02, -6.410256914773157E+00,  1.923076855330780E+01 ],
      [  1.880341878109254E+02, -3.205128234334054E+01, -1.282051246145228E+01,  3.205128258214120E+01,  1.282051134704920E+01, -6.410256914773157E+00,  4.145299153899790E+02,  6.410256675972501E+00 ],
      [  3.205128234334053E+01, -3.205128235395389E+01,  6.410256436770715E+01, -5.769230733324714E+01,  1.282051247519651E+01,  1.923076855330780E+01,  6.410256675972497E+00,  7.051282113389323E+01 ]
    ],
    [
      [  1.409961687237310E+04, -9.195402424854809E+02,  7.662829615347459E+01,  9.195402553313097E+02, -7.662834325484610E+01, -1.149425317606153E+03,  6.934865894811482E+03,  1.149425304760324E+03 ],
      [ -9.195402424854809E+02,  1.187739506637628E+03, -1.839080493700138E+03,  4.980843140810073E+02, -2.298850618683156E+03, -1.015325697673295E+03, -1.149425304760324E+03, -6.704981230453403E+02 ],
      [  7.662829615347459E+01, -1.839080493700138E+03,  1.402298862027139E+04, -4.367816178774790E+03,  6.666666637781261E+03,  3.908046053791772E+03, -7.662834325484627E+01,  2.298850618683157E+03 ],
      [  9.195402553313097E+02,  4.980843140810073E+02, -4.367816178774790E+03,  2.873563305413298E+03, -3.908046053791772E+03, -2.356321921821010E+03,  1.149425317606153E+03, -1.015325697673295E+03 ],
      [ -7.662834325484627E+01, -2.298850618683156E+03,  6.666666637781261E+03, -3.908046053791772E+03,  1.402298862027139E+04,  4.367816178774790E+03,  7.662829615347444E+01,  1.839080493700138E+03 ],
      [ -1.149425317606153E+03, -1.015325697673295E+03,  3.908046053791772E+03, -2.356321921821010E+03,  4.367816178774790E+03,  2.873563305413298E+03, -9.195402553313097E+02,  4.980843140810073E+02 ],
      [  6.934865894811482E+03, -1.149425304760324E+03, -7.662834325484602E+01,  1.149425317606153E+03,  7.662829615347466E+01, -9.195402553313097E+02,  1.409961687237310E+04,  9.195402424854810E+02 ],
      [  1.149425304760324E+03, -6.704981230453403E+02,  2.298850618683157E+03, -1.015325697673295E+03,  1.839080493700138E+03,  4.980843140810073E+02,  9.195402424854810E+02,  1.187739506637628E+03 ]
    ],
    [
      [  3.061142550167560E+02,  8.653846384629489E+01, -1.153944248311660E+02,  2.884615552629153E+01, -1.586587500514051E+02, -1.442307731155465E+02, -5.596720813363790E+00,  2.884615374296008E+01 ],
      [  8.653846384629489E+01,  4.300213743216775E+02, -3.846153823012477E+01,  1.757478596638877E+02, -1.923076956665351E+02, -2.654914525278061E+02, -2.884615374296008E+01, -3.402777814577591E+02 ],
      [ -1.153944248311660E+02, -3.846153823012477E+01,  4.929526502117915E+02, -2.500000049357867E+02,  1.284012915237163E+00,  9.615384749937638E+01, -1.586587500514051E+02,  1.923076956665351E+02 ],
      [  2.884615552629152E+01,  1.757478596638877E+02, -2.500000049357866E+02,  6.319444565133174E+02, -9.615384749937635E+01, -5.422008636493990E+02,  1.442307731155465E+02, -2.654914525278061E+02 ],
      [ -1.586587500514051E+02, -1.923076956665351E+02,  1.284012915237167E+00, -9.615384749937640E+01,  4.929526502117915E+02,  2.500000049357867E+02, -1.153944248311660E+02,  3.846153823012477E+01 ],
      [ -1.442307731155465E+02, -2.654914525278061E+02,  9.615384749937635E+01, -5.422008636493990E+02,  2.500000049357866E+02,  6.319444565133174E+02, -2.884615552629152E+01,  1.757478596638877E+02 ],
      [ -5.596720813363793E+00, -2.884615374296007E+01, -1.586587500514051E+02,  1.442307731155465E+02, -1.153944248311660E+02, -2.884615552629153E+01,  3.061142550167560E+02, -8.653846384629487E+01 ],
      [  2.884615374296008E+01, -3.402777814577591E+02,  1.923076956665351E+02, -2.654914525278061E+02,  3.846153823012476E+01,  1.757478596638877E+02, -8.653846384629487E+01,  4.300213743216775E+02 ]
    ],
    [
      [  6.144303567228500E+03,  2.068965641072176E+03, -7.319790601249609E+03,  4.137931207390608E+03, -4.263343588368427E+03, -5.172414001762952E+03,  2.123875880155179E+03, -1.034482846699832E+03 ],
      [  2.068965641072175E+03,  7.758620981941447E+03, -5.517241542106823E+03,  3.620689774994892E+03, -6.896551935108834E+03, -4.827586368682069E+03,  1.034482846699831E+03, -6.551724388254268E+03 ],
      [ -7.319790601249608E+03, -5.517241542106823E+03,  1.785895105945983E+04, -1.000000029579961E+04,  7.463958227614691E+03,  8.620689902797598E+03, -4.263343588368426E+03,  6.896551935108833E+03 ],
      [  4.137931207390608E+03,  3.620689774994892E+03, -1.000000029579961E+04,  1.155172452918670E+04, -8.620689902797598E+03, -1.034482793549952E+04,  5.172414001762952E+03, -4.827586368682069E+03 ],
      [ -4.263343588368426E+03, -6.896551935108834E+03,  7.463958227614691E+03, -8.620689902797598E+03,  1.785895105945983E+04,  1.000000029579961E+04, -7.319790601249609E+03,  5.517241542106822E+03 ],
      [ -5.172414001762951E+03, -4.827586368682069E+03,  8.620689902797598E+03, -1.034482793549952E+04,  1.000000029579961E+04,  1.155172452918670E+04, -4.137931207390608E+03,  3.620689774994892E+03 ],
      [  2.123875880155179E+03,  1.034482846699832E+03, -4.263343588368427E+03,  5.172414001762952E+03, -7.319790601249609E+03, -4.137931207390609E+03,  6.144303567228500E+03, -2.068965641072176E+03 ],
      [ -1.034482846699832E+03, -6.551724388254268E+03,  6.896551935108833E+03, -4.827586368682069E+03,  5.517241542106822E+03,  3.620689774994892E+03, -2.068965641072175E+03,  7.758620981941448E+03 ]
    ],
    [
      [  1.148567137450205E+03,  2.083333403793594E+02,  4.932126571052771E+02,  8.012821085801443E+01, -7.149321249285615E+02, -4.006410382022321E+02, -8.680241425315224E+02,  1.121794869648583E+02 ],
      [  2.083333403793594E+02,  3.416666709534325E+03, -1.121794861062907E+02,  2.192307675890392E+03, -5.608974466192938E+02, -2.269230755901958E+03, -1.121794869648583E+02, -3.339743629522760E+03 ],
      [  4.932126571052771E+02, -1.121794861062907E+02,  1.908245388123019E+03, -7.532051444421664E+02, -1.449723504710367E+03,  3.044871839291635E+02, -7.149321249285616E+02,  5.608974466192938E+02 ],
      [  8.012821085801443E+01,  2.192307675890392E+03, -7.532051444421664E+02,  5.660256511663657E+03, -3.044871839291636E+02, -5.583333431652092E+03,  4.006410382022322E+02, -2.269230755901958E+03 ],
      [ -7.149321249285617E+02, -5.608974466192938E+02, -1.449723504710366E+03, -3.044871839291635E+02,  1.908245388123019E+03,  7.532051444421666E+02,  4.932126571052770E+02,  1.121794861062908E+02 ],
      [ -4.006410382022320E+02, -2.269230755901958E+03,  3.044871839291635E+02, -5.583333431652092E+03,  7.532051444421666E+02,  5.660256511663657E+03, -8.012821085801444E+01,  2.192307675890393E+03 ],
      [ -8.680241425315226E+02, -1.121794869648583E+02, -7.149321249285616E+02,  4.006410382022321E+02,  4.932126571052770E+02, -8.012821085801446E+01,  1.148567137450205E+03, -2.083333403793594E+02 ],
      [  1.121794869648583E+02, -3.339743629522760E+03,  5.608974466192938E+02, -2.269230755901958E+03,  1.121794861062907E+02,  2.192307675890393E+03, -2.083333403793594E+02,  3.416666709534325E+03 ]
    ],
    [
      [  1.069641693339474E+04,  4.022988857260873E+03, -2.416047113118536E+03,  1.149425341483457E+04, -6.955150098328668E+03, -1.436781674014645E+04, -3.272481572140349E+03, -1.149425531949002E+03 ],
      [  4.022988857260872E+03,  6.390804844389621E+04, -1.609195451509271E+04,  4.145594007673142E+04, -2.011494317226267E+04, -4.249042287688697E+04,  1.149425531949001E+03, -6.287356564374067E+04 ],
      [ -2.416047113118536E+03, -1.609195451509271E+04,  2.545413650998824E+04, -3.045977105514823E+04, -1.640748442263030E+03,  2.643678239797828E+04, -6.955150098328668E+03,  2.011494317226266E+04 ],
      [  1.149425341483457E+04,  4.145594007673142E+04, -3.045977105514823E+04,  1.060536434132879E+05, -2.643678239797828E+04, -1.050191606131324E+05,  1.436781674014645E+04, -4.249042287688697E+04 ],
      [ -6.955150098328669E+03, -2.011494317226266E+04, -1.640748442263030E+03, -2.643678239797828E+04,  2.545413650998824E+04,  3.045977105514823E+04, -2.416047113118536E+03,  1.609195451509271E+04 ],
      [ -1.436781674014644E+04, -4.249042287688697E+04,  2.643678239797828E+04, -1.050191606131324E+05,  3.045977105514823E+04,  1.060536434132879E+05, -1.149425341483457E+04,  4.145594007673143E+04 ],
      [ -3.272481572140349E+03,  1.149425531949002E+03, -6.955150098328669E+03,  1.436781674014644E+04, -2.416047113118536E+03, -1.149425341483457E+04,  1.069641693339474E+04, -4.022988857260873E+03 ],
      [ -1.149425531949001E+03, -6.287356564374067E+04,  2.011494317226266E+04, -4.249042287688697E+04,  1.609195451509272E+04,  4.145594007673143E+04, -4.022988857260873E+03,  6.390804844389621E+04 ]
    ]
  ],
  "disp" : [
      [  0.000000000000000E+00, -3.176060471584131E-02 ],
      [  0.000000000000000E+00, -3.231272276712264E-03 ],
      [  0.000000000000000E+00,  0.000000000000000E+00 ],
      [  1.394996413258417E-03, -3.990499561989564E-02 ],
      [  1.164812317196636E-03, -2.497995580677533E-03 ],
      [  0.000000000000000E+00,  0.000000000000000E+00 ],
      [  1.703556484195066E-03, -6.045921606453851E-03 ],
      [  1.330158368942836E-03, -4.421423576906878E-04 ],
      [  0.000000000000000E+00,  0.000000000000000E+00 ],
      [  0.000000000000000E+00,  2.587551628166839E-03 ],
      [  0.000000000000000E+00,  3.090608328409015E-04 ],
      [  0.000000000000000E+00,  0.000000000000000E+00 ]
  ],
  "note" : "number of integration points (nip) =  9",
  "sigmas" : [
    [
      [ -3.686636398791077E-01, -9.594446975698894E-01, -2.320279428144877E-03, -3.686636400305337E-01 ],
      [ -4.182545874073820E-01, -1.075156908469196E+00, -1.463068679440257E-03, -4.182545875588081E-01 ],
      [ -4.678455420211943E-01, -1.190869135901425E+00, -6.058579142452010E-04, -4.678455421726204E-01 ],
      [ -3.643775864392519E-01, -9.568730654605481E-01, -3.538091321004026E-02, -3.643775864392519E-01 ],
      [ -4.139685339675263E-01, -1.072585276359855E+00, -3.452370246133565E-02, -4.139685339675263E-01 ],
      [ -4.635594885813386E-01, -1.188297503792084E+00, -3.366649169614060E-02, -4.635594885813386E-01 ],
      [ -3.600915323575479E-01, -9.543014330761290E-01, -6.844154752286935E-02, -3.600915325728923E-01 ],
      [ -4.096824798858223E-01, -1.070013643975436E+00, -6.758433677416474E-02, -4.096824801011666E-01 ],
      [ -4.592734344996346E-01, -1.185725871407664E+00, -6.672712600896970E-02, -4.592734347149789E-01 ]
    ],
    [
      [ -1.402263713436510E+00, -1.786809141530822E+00,  1.466888145567100E-02, -1.402263712734716E+00 ],
      [ -1.255368824925314E+00, -1.607270944461583E+00,  4.059588674437481E-02, -1.255368824223520E+00 ],
      [ -1.108473870176645E+00, -1.427732666435432E+00,  6.652289053678069E-02, -1.108473869474851E+00 ],
      [ -6.244535878594275E-01, -1.086780028827255E+00,  3.915136815850438E-02, -6.244535878594275E-01 ],
      [ -4.775586993482320E-01, -9.072418317580158E-01,  6.507837344720818E-02, -4.775586993482319E-01 ],
      [ -3.306637445995631E-01, -7.277035537318648E-01,  9.100537723961406E-02, -3.306637445995630E-01 ],
      [  1.533565459472934E-01, -3.867509093903476E-01,  6.363385533231510E-02,  1.533565437492014E-01 ],
      [  3.002514344584890E-01, -2.072127123211085E-01,  8.956086062101891E-02,  3.002514322603970E-01 ],
      [  4.471463892071579E-01, -2.767443429495753E-02,  1.154878644134248E-01,  4.471463870090658E-01 ]
    ],
    [
      [ -4.688127742200623E-01, -1.121576533620954E+00,  3.852317889932228E-02, -4.512152977207031E-01 ],
      [ -2.955402820926813E-01, -7.114322176943739E-01,  3.905651111001706E-02, -2.837846398893462E-01 ],
      [ -1.200838335339722E-01, -2.991039514990678E-01,  3.958984336395257E-02, -1.112580775556223E-01 ],
      [ -4.663913301166707E-01, -1.119866199228550E+00,  1.174804550449074E-01, -4.479356271827505E-01 ],
      [ -2.933325170823173E-01, -7.099355623949982E-01,  1.180137872556022E-01, -2.810035539017913E-01 ],
      [ -1.179832361356124E-01, -2.977144638116963E-01,  1.185471195095377E-01, -1.087270493294104E-01 ],
      [ -4.639698862509342E-01, -1.118155864937999E+00,  1.964377260445876E-01, -4.446559567466500E-01 ],
      [ -2.911247523096084E-01, -7.084389071974748E-01,  1.969710582552824E-01, -2.782224680160886E-01 ],
      [ -1.158826389749077E-01, -2.963249762261769E-01,  1.975043905092179E-01, -1.061960212050507E-01 ]
    ],
    [
      [ -1.071924641229099E+00, -1.334560537698654E+00,  8.133018250085385E-02, -1.054395989039302E+00 ],
      [ -6.862677477006158E-01, -8.573831256102096E-01,  8.501054339479915E-02, -6.745580821755608E-01 ],
      [ -2.875583031784111E-01, -3.671531549743420E-01,  8.869090108374784E-02, -2.787670649843066E-01 ],
      [ -7.272506530670804E-01, -9.972472683319300E-01,  1.270904449897167E-01, -6.494849341641554E-01 ],
      [ -4.315798060253994E-01, -6.100559027302879E-01,  1.307708058836621E-01, -3.796299730065065E-01 ],
      [ -7.800154199936044E-02, -1.649571125905860E-01,  1.344511635726107E-01, -3.899928753278847E-02 ],
      [ -3.825766672414689E-01, -6.599340008768116E-01,  1.728507048376658E-01, -2.445738812006152E-01 ],
      [ -1.768918666865907E-01, -3.627286817619724E-01,  1.765310657316111E-01, -8.470186574905880E-02 ],
      [  1.315552168432823E-01,  3.723892788156347E-02,  1.802114234205598E-01,  2.007684880071232E-01 ]
    ],
    [
      [ -7.151487805925245E-02, -1.569184580424235E-01,  6.338703473654484E-03, -5.859378565540315E-02 ],
      [ -3.123748932026301E-02, -5.793356679569445E-02,  4.948160471014340E-03, -2.332071443883415E-02 ],
      [  1.113551590959657E-02,  4.314694046545612E-02,  3.557617495124511E-03,  1.684212906621386E-02 ],
      [ -7.188413381878317E-02, -1.567314966512197E-01,  1.220945371538630E-02, -5.760132525852611E-02 ],
      [ -3.200228788954709E-02, -5.814214821424391E-02,  1.081891071274616E-02, -2.325118726471492E-02 ],
      [  1.019602547179603E-02,  4.276366717839020E-02,  9.428367736856328E-03,  1.650404188046134E-02 ],
      [ -7.225338976848285E-02, -1.565445353415167E-01,  1.808020412519814E-02, -5.660886494315007E-02 ],
      [ -3.276708664900010E-02, -5.835072971429434E-02,  1.668966112255799E-02, -2.318166017209668E-02 ],
      [  9.256534843826552E-03,  4.238039380982331E-02,  1.529911814666816E-02,  1.616595461320785E-02 ]
    ],
    [
      [ -1.796476199377747E-01, -2.155679871366960E-01,  6.928999281144037E-02, -1.669921614775340E-01 ],
      [ -5.121801414568070E-02, -5.369703093185711E-02,  3.968262983378786E-02, -4.346399369994162E-02 ],
      [  8.952680224711032E-02,  1.204891362155873E-01,  1.007526514743669E-02,  9.511609780326075E-02 ],
      [ -1.615851014713530E-01, -1.797410502856382E-01,  7.430619542311981E-02, -1.054392647193829E-01 ],
      [ -1.089523748330700E-01, -9.366697323461043E-02,  4.469883244546728E-02, -7.455172701867076E-02 ],
      [ -1.683324199621902E-03,  4.704342815349105E-02,  1.509146775911612E-02,  2.311353966755698E-02 ],
      [ -1.435225853543921E-01, -1.439141153568665E-01,  7.932239815542207E-02, -4.388636988351785E-02 ],
      [ -1.666867378699201E-01, -1.336369174596498E-01,  4.971503517776955E-02, -1.056394622596859E-01 ],
      [ -9.289345299581482E-02, -2.640228183089115E-02,  2.010767049141840E-02, -4.888902039043279E-02 ]
    ]
  ]
}
]
