[
{
  "status": "There are   12 equations and the skyline storage is   58",
  "Kmats" : [
    [
      [  4.807691891478924E+05,  2.403845956835613E+05, -9.615383605419418E+04,  4.807691913671225E+04, -2.403845979027917E+05, -2.403845956835613E+05, -1.442307551909065E+05, -4.807691913671225E+04 ],
      [  2.403845956835613E+05,  9.615383782957847E+05, -4.807691913671225E+04,  3.846153575321587E+05, -2.403845956835613E+05, -4.807691958055833E+05,  4.807691913671224E+04, -8.653845400223600E+05 ],
      [ -9.615383605419418E+04, -4.807691913671224E+04,  4.807691891478923E+05, -2.403845956835613E+05, -1.442307551909065E+05,  4.807691913671225E+04, -2.403845979027917E+05,  2.403845956835613E+05 ],
      [  4.807691913671225E+04,  3.846153575321587E+05, -2.403845956835613E+05,  9.615383782957847E+05, -4.807691913671224E+04, -8.653845400223600E+05,  2.403845956835613E+05, -4.807691958055833E+05 ],
      [ -2.403845979027917E+05, -2.403845956835613E+05, -1.442307551909065E+05, -4.807691913671224E+04,  4.807691891478923E+05,  2.403845956835613E+05, -9.615383605419419E+04,  4.807691913671224E+04 ],
      [ -2.403845956835613E+05, -4.807691958055833E+05,  4.807691913671224E+04, -8.653845400223600E+05,  2.403845956835613E+05,  9.615383782957846E+05, -4.807691913671225E+04,  3.846153575321587E+05 ],
      [ -1.442307551909065E+05,  4.807691913671224E+04, -2.403845979027917E+05,  2.403845956835613E+05, -9.615383605419419E+04, -4.807691913671225E+04,  4.807691891478923E+05, -2.403845956835613E+05 ],
      [ -4.807691913671224E+04, -8.653845400223600E+05,  2.403845956835613E+05, -4.807691958055833E+05,  4.807691913671225E+04,  3.846153575321587E+05, -2.403845956835613E+05,  9.615383782957847E+05 ]
    ],
    [
      [  4.807691891478924E+05,  2.403845956835613E+05, -9.615383605419418E+04,  4.807691913671225E+04, -2.403845979027917E+05, -2.403845956835613E+05, -1.442307551909065E+05, -4.807691913671225E+04 ],
      [  2.403845956835613E+05,  9.615383782957847E+05, -4.807691913671225E+04,  3.846153575321587E+05, -2.403845956835613E+05, -4.807691958055833E+05,  4.807691913671224E+04, -8.653845400223600E+05 ],
      [ -9.615383605419418E+04, -4.807691913671224E+04,  4.807691891478923E+05, -2.403845956835613E+05, -1.442307551909065E+05,  4.807691913671225E+04, -2.403845979027917E+05,  2.403845956835613E+05 ],
      [  4.807691913671225E+04,  3.846153575321587E+05, -2.403845956835613E+05,  9.615383782957847E+05, -4.807691913671224E+04, -8.653845400223600E+05,  2.403845956835613E+05, -4.807691958055833E+05 ],
      [ -2.403845979027917E+05, -2.403845956835613E+05, -1.442307551909065E+05, -4.807691913671224E+04,  4.807691891478923E+05,  2.403845956835613E+05, -9.615383605419419E+04,  4.807691913671224E+04 ],
      [ -2.403845956835613E+05, -4.807691958055833E+05,  4.807691913671224E+04, -8.653845400223600E+05,  2.403845956835613E+05,  9.615383782957846E+05, -4.807691913671225E+04,  3.846153575321587E+05 ],
      [ -1.442307551909065E+05,  4.807691913671224E+04, -2.403845979027917E+05,  2.403845956835613E+05, -9.615383605419419E+04, -4.807691913671225E+04,  4.807691891478923E+05, -2.403845956835613E+05 ],
      [ -4.807691913671224E+04, -8.653845400223600E+05,  2.403845956835613E+05, -4.807691958055833E+05,  4.807691913671225E+04,  3.846153575321587E+05, -2.403845956835613E+05,  9.615383782957847E+05 ]
    ],
    [
      [  4.807691891478924E+05,  2.403845956835613E+05, -9.615383605419418E+04,  4.807691913671225E+04, -2.403845979027917E+05, -2.403845956835613E+05, -1.442307551909065E+05, -4.807691913671225E+04 ],
      [  2.403845956835613E+05,  9.615383782957847E+05, -4.807691913671225E+04,  3.846153575321587E+05, -2.403845956835613E+05, -4.807691958055833E+05,  4.807691913671224E+04, -8.653845400223600E+05 ],
      [ -9.615383605419418E+04, -4.807691913671224E+04,  4.807691891478923E+05, -2.403845956835613E+05, -1.442307551909065E+05,  4.807691913671225E+04, -2.403845979027917E+05,  2.403845956835613E+05 ],
      [  4.807691913671225E+04,  3.846153575321587E+05, -2.403845956835613E+05,  9.615383782957847E+05, -4.807691913671224E+04, -8.653845400223600E+05,  2.403845956835613E+05, -4.807691958055833E+05 ],
      [ -2.403845979027917E+05, -2.403845956835613E+05, -1.442307551909065E+05, -4.807691913671224E+04,  4.807691891478923E+05,  2.403845956835613E+05, -9.615383605419419E+04,  4.807691913671224E+04 ],
      [ -2.403845956835613E+05, -4.807691958055833E+05,  4.807691913671224E+04, -8.653845400223600E+05,  2.403845956835613E+05,  9.615383782957846E+05, -4.807691913671225E+04,  3.846153575321587E+05 ],
      [ -1.442307551909065E+05,  4.807691913671224E+04, -2.403845979027917E+05,  2.403845956835613E+05, -9.615383605419419E+04, -4.807691913671225E+04,  4.807691891478923E+05, -2.403845956835613E+05 ],
      [ -4.807691913671224E+04, -8.653845400223600E+05,  2.403845956835613E+05, -4.807691958055833E+05,  4.807691913671225E+04,  3.846153575321587E+05, -2.403845956835613E+05,  9.615383782957847E+05 ]
    ],
    [
      [  4.807691891478924E+05,  2.403845956835613E+05, -9.615383605419418E+04,  4.807691913671225E+04, -2.403845979027917E+05, -2.403845956835613E+05, -1.442307551909065E+05, -4.807691913671225E+04 ],
      [  2.403845956835613E+05,  9.615383782957847E+05, -4.807691913671225E+04,  3.846153575321587E+05, -2.403845956835613E+05, -4.807691958055833E+05,  4.807691913671224E+04, -8.653845400223600E+05 ],
      [ -9.615383605419418E+04, -4.807691913671224E+04,  4.807691891478923E+05, -2.403845956835613E+05, -1.442307551909065E+05,  4.807691913671225E+04, -2.403845979027917E+05,  2.403845956835613E+05 ],
      [  4.807691913671225E+04,  3.846153575321587E+05, -2.403845956835613E+05,  9.615383782957847E+05, -4.807691913671224E+04, -8.653845400223600E+05,  2.403845956835613E+05, -4.807691958055833E+05 ],
      [ -2.403845979027917E+05, -2.403845956835613E+05, -1.442307551909065E+05, -4.807691913671224E+04,  4.807691891478923E+05,  2.403845956835613E+05, -9.615383605419419E+04,  4.807691913671224E+04 ],
      [ -2.403845956835613E+05, -4.807691958055833E+05,  4.807691913671224E+04, -8.653845400223600E+05,  2.403845956835613E+05,  9.615383782957846E+05, -4.807691913671225E+04,  3.846153575321587E+05 ],
      [ -1.442307551909065E+05,  4.807691913671224E+04, -2.403845979027917E+05,  2.403845956835613E+05, -9.615383605419419E+04, -4.807691913671225E+04,  4.807691891478923E+05, -2.403845956835613E+05 ],
      [ -4.807691913671224E+04, -8.653845400223600E+05,  2.403845956835613E+05, -4.807691958055833E+05,  4.807691913671225E+04,  3.846153575321587E+05, -2.403845956835613E+05,  9.615383782957847E+05 ]
    ],
    [
      [  4.807691891478922E+05,  2.403845956835613E+05, -9.615383605419419E+04,  4.807691913671224E+04, -2.403845979027916E+05, -2.403845956835613E+05, -1.442307551909065E+05, -4.807691913671224E+04 ],
      [  2.403845956835613E+05,  9.615383782957846E+05, -4.807691913671224E+04,  3.846153575321587E+05, -2.403845956835613E+05, -4.807691958055832E+05,  4.807691913671224E+04, -8.653845400223599E+05 ],
      [ -9.615383605419419E+04, -4.807691913671223E+04,  4.807691891478923E+05, -2.403845956835613E+05, -1.442307551909065E+05,  4.807691913671224E+04, -2.403845979027916E+05,  2.403845956835613E+05 ],
      [  4.807691913671223E+04,  3.846153575321587E+05, -2.403845956835613E+05,  9.615383782957846E+05, -4.807691913671223E+04, -8.653845400223599E+05,  2.403845956835613E+05, -4.807691958055831E+05 ],
      [ -2.403845979027916E+05, -2.403845956835613E+05, -1.442307551909065E+05, -4.807691913671223E+04,  4.807691891478923E+05,  2.403845956835613E+05, -9.615383605419419E+04,  4.807691913671224E+04 ],
      [ -2.403845956835613E+05, -4.807691958055831E+05,  4.807691913671224E+04, -8.653845400223599E+05,  2.403845956835613E+05,  9.615383782957846E+05, -4.807691913671224E+04,  3.846153575321587E+05 ],
      [ -1.442307551909065E+05,  4.807691913671223E+04, -2.403845979027916E+05,  2.403845956835613E+05, -9.615383605419419E+04, -4.807691913671224E+04,  4.807691891478923E+05, -2.403845956835613E+05 ],
      [ -4.807691913671224E+04, -8.653845400223599E+05,  2.403845956835613E+05, -4.807691958055832E+05,  4.807691913671223E+04,  3.846153575321587E+05, -2.403845956835613E+05,  9.615383782957846E+05 ]
    ],
    [
      [  4.807691891478922E+05,  2.403845956835613E+05, -9.615383605419419E+04,  4.807691913671224E+04, -2.403845979027916E+05, -2.403845956835613E+05, -1.442307551909065E+05, -4.807691913671224E+04 ],
      [  2.403845956835613E+05,  9.615383782957846E+05, -4.807691913671224E+04,  3.846153575321587E+05, -2.403845956835613E+05, -4.807691958055832E+05,  4.807691913671224E+04, -8.653845400223599E+05 ],
      [ -9.615383605419419E+04, -4.807691913671223E+04,  4.807691891478923E+05, -2.403845956835613E+05, -1.442307551909065E+05,  4.807691913671224E+04, -2.403845979027916E+05,  2.403845956835613E+05 ],
      [  4.807691913671223E+04,  3.846153575321587E+05, -2.403845956835613E+05,  9.615383782957846E+05, -4.807691913671223E+04, -8.653845400223599E+05,  2.403845956835613E+05, -4.807691958055831E+05 ],
      [ -2.403845979027916E+05, -2.403845956835613E+05, -1.442307551909065E+05, -4.807691913671223E+04,  4.807691891478923E+05,  2.403845956835613E+05, -9.615383605419419E+04,  4.807691913671224E+04 ],
      [ -2.403845956835613E+05, -4.807691958055831E+05,  4.807691913671224E+04, -8.653845400223599E+05,  2.403845956835613E+05,  9.615383782957846E+05, -4.807691913671224E+04,  3.846153575321587E+05 ],
      [ -1.442307551909065E+05,  4.807691913671223E+04, -2.403845979027916E+05,  2.403845956835613E+05, -9.615383605419419E+04, -4.807691913671224E+04,  4.807691891478923E+05, -2.403845956835613E+05 ],
      [ -4.807691913671224E+04, -8.653845400223599E+05,  2.403845956835613E+05, -4.807691958055832E+05,  4.807691913671223E+04,  3.846153575321587E+05, -2.403845956835613E+05,  9.615383782957846E+05 ]
    ]
  ],
  "disp" : [
      [  0.000000000000000E+00, -1.000000000000003E-05 ],
      [  0.000000000000000E+00, -5.152429576289303E-06 ],
      [  0.000000000000000E+00,  0.000000000000000E+00 ],
      [  8.101475206125838E-08, -1.000000000000007E-05 ],
      [  1.582094832251067E-06, -4.593608955706471E-06 ],
      [  0.000000000000000E+00,  0.000000000000000E+00 ],
      [  1.240701017391969E-07,  1.257758501770682E-06 ],
      [  1.472140401416959E-06,  1.953453413631708E-07 ],
      [  0.000000000000000E+00,  0.000000000000000E+00 ],
      [  0.000000000000000E+00,  2.815484477779546E-07 ],
      [  0.000000000000000E+00,  3.474895306354719E-07 ],
      [  0.000000000000000E+00,  0.000000000000000E+00 ]
  ],
  "note" : "number of integration points (nip) =  4",
  "sigmas" : [
    [
      [ -4.026889013713688E-01, -1.263935444356176E+00, -7.450121739119420E-03 ],
      [ -4.399160420855215E-01, -1.350798772689199E+00, -7.411542518974702E-02 ],
      [ -5.193531824099671E-01, -1.313934421944147E+00, -1.985916864383694E-02 ],
      [ -5.565803231241198E-01, -1.400797750277169E+00, -8.652447209446455E-02 ]
    ],
    [
      [ -5.358782361621741E-01, -1.336109722327015E+00,  3.026017788767371E-02 ],
      [ -4.986510954480240E-01, -1.249246393993998E+00,  1.005234726123300E-01 ],
      [ -4.129174703940257E-01, -1.283412251283523E+00,  4.266922479239044E-02 ],
      [ -3.756903296798756E-01, -1.196548922950506E+00,  1.129325195170467E-01 ]
    ],
    [
      [ -4.765301479544878E-01, -1.092001202669900E+00,  1.237877978189764E-01 ],
      [ -4.559564856265785E-02, -8.648737075562968E-02,  1.305832003983376E-01 ],
      [ -4.646381934406058E-01, -1.086904650735379E+00,  2.674326309495865E-01 ],
      [ -3.370369404877578E-02, -8.139081882110880E-02,  2.742280335289476E-01 ]
    ],
    [
      [ -4.163875918454830E-01, -9.656130720913622E-01,  1.588362468890717E-01 ],
      [ -9.736021718506646E-02, -2.212158645503904E-01,  1.539529994234401E-01 ],
      [ -4.249332749103381E-01, -9.692755076905858E-01,  2.651787051092105E-01 ],
      [ -1.059059002499216E-01, -2.248783001496141E-01,  2.602954576435790E-01 ]
    ],
    [
      [ -6.475065637430501E-02,  1.533406670590315E-01, -8.510323363647249E-02 ],
      [ -1.399186094566829E-01, -2.205122346651688E-02, -2.523333276520603E-02 ],
      [  4.002167015041126E-02,  1.982430927124813E-01, -1.101592179972651E-01 ],
      [ -3.514628293196663E-02,  2.285120218693294E-02, -5.028931712599866E-02 ]
    ],
    [
      [ -1.562915282568710E-02,  4.330117247390748E-02,  9.054741557179709E-02 ],
      [ -5.493712338589488E-03,  6.695053361046857E-02,  2.516736831277234E-02 ],
      [ -1.300442355289804E-01, -5.733862970361076E-03,  9.392589573416295E-02 ],
      [ -1.199087950418828E-01,  1.791549816620001E-02,  2.854584847513822E-02 ]
    ]
  ]
}
]
