[
{
  "status": "There are   12 equations and the skyline storage is   54",
  "Kmats" : [
    [
      [  6.730769230769230E+05,  0.000000000000000E+00, -6.730769230769230E+05,  2.884615384615384E+05,  0.000000000000000E+00, -2.884615384615384E+05 ],
      [  0.000000000000000E+00,  1.923076923076923E+05,  1.923076923076923E+05, -1.923076923076923E+05, -1.923076923076923E+05,  0.000000000000000E+00 ],
      [ -6.730769230769230E+05,  1.923076923076923E+05,  8.653846153846153E+05, -4.807692307692308E+05, -1.923076923076923E+05,  2.884615384615384E+05 ],
      [  2.884615384615384E+05, -1.923076923076923E+05, -4.807692307692308E+05,  8.653846153846153E+05,  1.923076923076923E+05, -6.730769230769230E+05 ],
      [  0.000000000000000E+00, -1.923076923076923E+05, -1.923076923076923E+05,  1.923076923076923E+05,  1.923076923076923E+05,  0.000000000000000E+00 ],
      [ -2.884615384615384E+05,  0.000000000000000E+00,  2.884615384615384E+05, -6.730769230769230E+05,  0.000000000000000E+00,  6.730769230769230E+05 ]
    ],
    [
      [  6.730769230769230E+05,  0.000000000000000E+00, -6.730769230769230E+05,  2.884615384615384E+05,  0.000000000000000E+00, -2.884615384615384E+05 ],
      [  0.000000000000000E+00,  1.923076923076923E+05,  1.923076923076923E+05, -1.923076923076923E+05, -1.923076923076923E+05,  0.000000000000000E+00 ],
      [ -6.730769230769230E+05,  1.923076923076923E+05,  8.653846153846153E+05, -4.807692307692308E+05, -1.923076923076923E+05,  2.884615384615384E+05 ],
      [  2.884615384615384E+05, -1.923076923076923E+05, -4.807692307692308E+05,  8.653846153846153E+05,  1.923076923076923E+05, -6.730769230769230E+05 ],
      [  0.000000000000000E+00, -1.923076923076923E+05, -1.923076923076923E+05,  1.923076923076923E+05,  1.923076923076923E+05,  0.000000000000000E+00 ],
      [ -2.884615384615384E+05,  0.000000000000000E+00,  2.884615384615384E+05, -6.730769230769230E+05,  0.000000000000000E+00,  6.730769230769230E+05 ]
    ],
    [
      [  6.730769230769230E+05,  0.000000000000000E+00, -6.730769230769230E+05,  2.884615384615384E+05,  0.000000000000000E+00, -2.884615384615384E+05 ],
      [  0.000000000000000E+00,  1.923076923076923E+05,  1.923076923076923E+05, -1.923076923076923E+05, -1.923076923076923E+05,  0.000000000000000E+00 ],
      [ -6.730769230769230E+05,  1.923076923076923E+05,  8.653846153846153E+05, -4.807692307692308E+05, -1.923076923076923E+05,  2.884615384615384E+05 ],
      [  2.884615384615384E+05, -1.923076923076923E+05, -4.807692307692308E+05,  8.653846153846153E+05,  1.923076923076923E+05, -6.730769230769230E+05 ],
      [  0.000000000000000E+00, -1.923076923076923E+05, -1.923076923076923E+05,  1.923076923076923E+05,  1.923076923076923E+05,  0.000000000000000E+00 ],
      [ -2.884615384615384E+05,  0.000000000000000E+00,  2.884615384615384E+05, -6.730769230769230E+05,  0.000000000000000E+00,  6.730769230769230E+05 ]
    ],
    [
      [  6.730769230769230E+05,  0.000000000000000E+00, -6.730769230769230E+05,  2.884615384615384E+05,  0.000000000000000E+00, -2.884615384615384E+05 ],
      [  0.000000000000000E+00,  1.923076923076923E+05,  1.923076923076923E+05, -1.923076923076923E+05, -1.923076923076923E+05,  0.000000000000000E+00 ],
      [ -6.730769230769230E+05,  1.923076923076923E+05,  8.653846153846153E+05, -4.807692307692308E+05, -1.923076923076923E+05,  2.884615384615384E+05 ],
      [  2.884615384615384E+05, -1.923076923076923E+05, -4.807692307692308E+05,  8.653846153846153E+05,  1.923076923076923E+05, -6.730769230769230E+05 ],
      [  0.000000000000000E+00, -1.923076923076923E+05, -1.923076923076923E+05,  1.923076923076923E+05,  1.923076923076923E+05,  0.000000000000000E+00 ],
      [ -2.884615384615384E+05,  0.000000000000000E+00,  2.884615384615384E+05, -6.730769230769230E+05,  0.000000000000000E+00,  6.730769230769230E+05 ]
    ],
    [
      [  6.730769230769230E+05,  0.000000000000000E+00, -6.730769230769230E+05,  2.884615384615384E+05,  0.000000000000000E+00, -2.884615384615384E+05 ],
      [  0.000000000000000E+00,  1.923076923076923E+05,  1.923076923076923E+05, -1.923076923076923E+05, -1.923076923076923E+05,  0.000000000000000E+00 ],
      [ -6.730769230769230E+05,  1.923076923076923E+05,  8.653846153846153E+05, -4.807692307692308E+05, -1.923076923076923E+05,  2.884615384615384E+05 ],
      [  2.884615384615384E+05, -1.923076923076923E+05, -4.807692307692308E+05,  8.653846153846153E+05,  1.923076923076923E+05, -6.730769230769230E+05 ],
      [  0.000000000000000E+00, -1.923076923076923E+05, -1.923076923076923E+05,  1.923076923076923E+05,  1.923076923076923E+05,  0.000000000000000E+00 ],
      [ -2.884615384615384E+05,  0.000000000000000E+00,  2.884615384615384E+05, -6.730769230769230E+05,  0.000000000000000E+00,  6.730769230769230E+05 ]
    ],
    [
      [  6.730769230769230E+05,  0.000000000000000E+00, -6.730769230769230E+05,  2.884615384615384E+05,  0.000000000000000E+00, -2.884615384615384E+05 ],
      [  0.000000000000000E+00,  1.923076923076923E+05,  1.923076923076923E+05, -1.923076923076923E+05, -1.923076923076923E+05,  0.000000000000000E+00 ],
      [ -6.730769230769230E+05,  1.923076923076923E+05,  8.653846153846153E+05, -4.807692307692308E+05, -1.923076923076923E+05,  2.884615384615384E+05 ],
      [  2.884615384615384E+05, -1.923076923076923E+05, -4.807692307692308E+05,  8.653846153846153E+05,  1.923076923076923E+05, -6.730769230769230E+05 ],
      [  0.000000000000000E+00, -1.923076923076923E+05, -1.923076923076923E+05,  1.923076923076923E+05,  1.923076923076923E+05,  0.000000000000000E+00 ],
      [ -2.884615384615384E+05,  0.000000000000000E+00,  2.884615384615384E+05, -6.730769230769230E+05,  0.000000000000000E+00,  6.730769230769230E+05 ]
    ],
    [
      [  6.730769230769230E+05,  0.000000000000000E+00, -6.730769230769230E+05,  2.884615384615384E+05,  0.000000000000000E+00, -2.884615384615384E+05 ],
      [  0.000000000000000E+00,  1.923076923076923E+05,  1.923076923076923E+05, -1.923076923076923E+05, -1.923076923076923E+05,  0.000000000000000E+00 ],
      [ -6.730769230769230E+05,  1.923076923076923E+05,  8.653846153846153E+05, -4.807692307692308E+05, -1.923076923076923E+05,  2.884615384615384E+05 ],
      [  2.884615384615384E+05, -1.923076923076923E+05, -4.807692307692308E+05,  8.653846153846153E+05,  1.923076923076923E+05, -6.730769230769230E+05 ],
      [  0.000000000000000E+00, -1.923076923076923E+05, -1.923076923076923E+05,  1.923076923076923E+05,  1.923076923076923E+05,  0.000000000000000E+00 ],
      [ -2.884615384615384E+05,  0.000000000000000E+00,  2.884615384615384E+05, -6.730769230769230E+05,  0.000000000000000E+00,  6.730769230769230E+05 ]
    ],
    [
      [  6.730769230769230E+05,  0.000000000000000E+00, -6.730769230769230E+05,  2.884615384615384E+05,  0.000000000000000E+00, -2.884615384615384E+05 ],
      [  0.000000000000000E+00,  1.923076923076923E+05,  1.923076923076923E+05, -1.923076923076923E+05, -1.923076923076923E+05,  0.000000000000000E+00 ],
      [ -6.730769230769230E+05,  1.923076923076923E+05,  8.653846153846153E+05, -4.807692307692308E+05, -1.923076923076923E+05,  2.884615384615384E+05 ],
      [  2.884615384615384E+05, -1.923076923076923E+05, -4.807692307692308E+05,  8.653846153846153E+05,  1.923076923076923E+05, -6.730769230769230E+05 ],
      [  0.000000000000000E+00, -1.923076923076923E+05, -1.923076923076923E+05,  1.923076923076923E+05,  1.923076923076923E+05,  0.000000000000000E+00 ],
      [ -2.884615384615384E+05,  0.000000000000000E+00,  2.884615384615384E+05, -6.730769230769230E+05,  0.000000000000000E+00,  6.730769230769230E+05 ]
    ]
  ],
  "disp" : [
      [  0.000000000000000E+00, -9.100000000000005E-07 ],
      [  1.950000000000001E-07, -9.100000000000006E-07 ],
      [  3.900000000000002E-07, -9.100000000000000E-07 ],
      [  0.000000000000000E+00, -4.550000000000002E-07 ],
      [  1.950000000000002E-07, -4.550000000000004E-07 ],
      [  3.900000000000004E-07, -4.549999999999999E-07 ],
      [  0.000000000000000E+00,  0.000000000000000E+00 ],
      [  1.950000000000004E-07,  0.000000000000000E+00 ],
      [  3.900000000000004E-07,  0.000000000000000E+00 ]
  ],
  "note" : "number of integration points (nip) =  1",
  "sigmas" : [
    [
      [  0.000000000000000E+00, -1.000000000000000E+00, -8.144547569752888E-17 ]
    ],
    [
      [  3.330669073875470E-16, -1.000000000000000E+00, -1.628909513950578E-16 ]
    ],
    [
      [  1.110223024625157E-16, -1.000000000000000E+00,  3.665046406388800E-16 ]
    ],
    [
      [  4.440892098500626E-16, -9.999999999999997E-01,  1.628909513950578E-16 ]
    ],
    [
      [  2.220446049250313E-16, -1.000000000000000E+00, -1.221682135462933E-16 ]
    ],
    [
      [  5.551115123125783E-16, -1.000000000000000E+00, -1.425295824706755E-16 ]
    ],
    [
      [  0.000000000000000E+00, -1.000000000000001E+00,  1.832523203194400E-16 ]
    ],
    [
      [  2.220446049250313E-16, -9.999999999999996E-01, -4.072273784876444E-17 ]
    ]
  ]
}
]
