[
{
  "status": "There are   64 equations and the skyline storage is 1050",
  "Kmats" : [
    [
      [  1.004273560183796E+05,  4.582314878884703E-12,  1.524216624019584E+04, -3.266178504206893E+03,  1.674110220142450E-04,  3.266178501611020E+03,  1.259259270981400E+05, -2.454212516537673E+04,  1.139601216631044E+04,  1.338169699920400E-04,  1.139601641640126E+04,  2.454212532582344E+04, -1.754985840258155E+05,  4.493284560003266E+04, -6.609687111265931E+04,  1.172161246015113E+04,  1.139600995655752E+04, -1.155049071712710E-04,  1.139601155370685E+04, -1.068370968368981E-04, -1.139601181376936E+04, -1.172161231158870E+04,  3.418803401118272E+04, -4.493284559445890E+04, -2.279202478170324E+04, -2.648548338584078E-04, -2.279202254846752E+04, -7.315981383726466E-05, -2.279202730357830E+04,  1.513817685463437E-04 ],
      [  4.582314877190637E-12,  2.869353029096559E+04, -2.177452354739153E+03,  4.354904675929744E+03,  2.177452334407347E+03,  8.370551220920771E-05, -1.636141683817676E+04,  3.597883622855852E+04,  8.571662419853965E-05,  3.256003489568208E+03,  1.636141698931681E+04,  3.256004605204623E+03,  2.995523041375661E+04, -5.014245257880440E+04,  7.814408372892757E+03, -1.888482038168264E+04, -8.796158954282873E-05,  3.256002802117175E+03, -3.817049753251922E-05,  3.256003258445552E+03, -7.814408240780032E+03, -3.256003439142643E+03, -2.995523041004078E+04,  9.768009717480763E+03, -2.207454556639732E-04, -6.512006910095142E+03,  2.009551576520607E-05, -6.512006378639317E+03, -1.018651801132364E-06, -6.512007737242408E+03 ],
      [  1.524216624019584E+04, -2.177452354739153E+03,  1.076007394850967E+05, -3.586691316169887E+04,  1.088726315467083E+03, -3.266178504206891E+03,  1.267399277616274E+05, -2.043142095891330E+04,  2.039072437360902E+04, -2.861212932672032E+04,  1.221001427766633E+04, -4.070003910306451E+03, -6.691086768904229E+04,  1.188441236853609E+04, -1.730565834729908E+05,  1.774521930824179E+04,  2.165242030826110E+04,  3.272283508000129E+04, -1.611721775323872E+04,  1.579161639033465E+04,  1.221001303611009E+04, -4.070004210006947E+03,  1.221000960919135E+04, -4.070004180283869E+03, -2.442001978573068E+04,  8.140008058164414E+03, -2.442003075008769E+04,  8.140009823917764E+03, -2.442002950648422E+04,  8.140008094463115E+03 ],
      [ -3.266178504206893E+03,  4.354904675929744E+03, -3.586691316169887E+04,  5.380036974254833E+04, -2.177452354739153E+03,  3.810541601901715E+03, -2.861212932672033E+04,  3.882784002204023E+04, -2.043142095891328E+04,  3.473748604557797E+04, -4.070003910306446E+03,  6.105007138833171E+03,  1.579161639033466E+04, -2.173382232087419E+04,  3.272283508000129E+04, -4.159544471005266E+04,  1.774521930824178E+04, -3.410663687231219E+04,  1.188441236853608E+04, -1.978022040026634E+04, -4.070004180283845E+03,  6.105005727227622E+03, -4.070004210006973E+03,  6.105005595423091E+03,  8.140008094463158E+03, -1.221001213611619E+04,  8.140009823917769E+03, -1.221001537504384E+04,  8.140008058164371E+03, -1.221001250999127E+04 ],
      [  1.674110220142450E-04,  2.177452334407347E+03,  1.088726315467083E+03, -2.177452354739152E+03,  7.173382572741390E+03, -2.536691292523446E-11,  8.140009274333929E+02,  8.571662249323708E-05,  8.994708709257115E+03, -1.636141683817676E+04,  8.140008034184673E+02,  1.636141698931678E+04,  8.140006406060613E+02, -3.817050253474008E-05,  8.140005265239899E+02, -8.796158809332155E-05, -4.721205355855601E+03,  7.814408372892755E+03, -1.253561314470126E+04,  2.995523041375658E+04,  2.442002429370340E+03, -2.995523041004073E+04, -8.140011202205013E+02, -7.814408240780026E+03, -1.628001673875722E+03, -1.018646344164154E-06, -1.628001334224959E+03,  2.009550826187478E-05, -1.628001031758526E+03, -2.207454204494752E-04 ],
      [  3.266178501611020E+03,  8.370551220920773E-05, -3.266178504206891E+03,  3.810541601901715E+03, -2.536691292354039E-11,  2.510683900459486E+04,  1.338169698783531E-04,  2.849003057303702E+03, -2.454212516537670E+04,  3.148148167513997E+04,  2.454212532582339E+04,  2.849004004705283E+03, -1.068371044539163E-04,  2.849002838710910E+03, -1.155049056364987E-04,  2.849002439423579E+03,  1.172161246015113E+04, -1.652421785257480E+04,  4.493284560003260E+04, -4.387464600645386E+04, -4.493284559445883E+04,  8.547008502795696E+03, -1.172161231158869E+04, -2.849003027852300E+03,  1.513817803697748E-04, -5.698006751484612E+03, -7.315982566069579E-05, -5.698005562706915E+03, -2.648547911121568E-04, -5.698005996635703E+03 ],
      [  1.259259270981399E+05, -1.636141683817676E+04,  1.267399277616274E+05, -2.861212932672033E+04,  8.140009274333929E+02,  1.338169688551716E-04,  8.437117996683103E+05, -1.422466362734430E+05,  1.465201495411853E+04,  1.404151302160474E+04,  2.124541090401774E+04, -1.892551770700514E+04, -5.388685214081588E+05,  8.774928813750058E+04, -5.369149544582823E+05,  9.947090154572438E+04,  2.604801784694193E+04,  3.500203595629006E+04, -1.302404247248062E+03, -4.070004609404395E+03, -2.930401012034853E+03,  4.070003306637899E+03,  4.200243518881764E+04, -4.477004404790854E+04, -8.205125432363618E+04,  1.611721494130029E+05, -1.953604213134394E+04, -1.514041472377689E+05, -1.953601164361549E+04,  4.884004497367161E+03 ],
      [ -2.454212516537673E+04,  3.597883622855852E+04, -2.043142095891330E+04,  3.882784002204023E+04,  8.571662249323708E-05,  2.849003057303702E+03, -1.422466362734430E+05,  3.925518827945024E+05,  1.404151319857045E+04,  7.326007477059229E+03, -1.892551751665741E+04,  3.040293279525205E+04,  1.092389104050118E+05, -2.010581921603151E+05,  7.798127990654086E+04, -1.942206048968835E+05,  3.500203595057385E+04,  3.255999109718414E+03, -4.070004276926494E+03, -4.558405217384081E+03,  4.070003412531487E+03, -1.025641118116573E+04, -4.477004361188768E+04,  5.909645597274324E+04,  1.611721511178942E+05, -1.992673981921433E+05, -1.514041466448534E+05,  1.953602243310156E+04,  4.884004646868324E+03,  1.953602144306143E+04 ],
      [  1.139601216631044E+04,  8.571662419853965E-05,  2.039072437360902E+04, -2.043142095891328E+04,  8.994708709257115E+03, -2.454212516537670E+04,  1.465201495411853E+04,  1.404151319857045E+04,  7.167277258298149E+05, -1.422466362734430E+05,  1.069597293914048E+05, -1.892551751665743E+04, -1.823361765354165E+04, -4.070004276926505E+03, -1.628002467931911E+04,  3.500203595057382E+04, -2.152218410184989E+05,  7.798127990654085E+04, -2.425722243851795E+05,  1.092389104050118E+05,  2.070818014949328E+05, -4.477004361188746E+04, -4.102564727101088E+04,  4.070003412531491E+03,  1.074481065041510E+05,  4.884004646868296E+03,  1.074481463633411E+05, -1.514041466448533E+05, -7.677655954550452E+05,  1.611721511178940E+05 ],
      [  1.338169686277979E-04,  3.256003489568207E+03, -2.861212932672032E+04,  3.473748604557796E+04, -1.636141683817675E+04,  3.148148167513996E+04,  1.404151302160474E+04,  7.326007477059225E+03, -1.422466362734430E+05,  3.876678799545603E+05, -1.892551770700514E+04,  3.369963735245926E+04, -4.070004609404405E+03, -5.209605733010769E+03,  3.500203595629002E+04,  1.627997474093017E+03,  9.947090154572437E+04, -1.818477928415071E+05,  8.774928813750048E+04, -1.896621807363542E+05, -4.477004404790834E+04,  6.544566236913194E+04,  4.070003306637904E+03, -1.172161296035713E+04,  4.884004497367103E+03,  2.442002598720636E+04, -1.514041472377688E+05,  2.442002968289699E+04,  1.611721494130027E+05, -2.256410266971972E+05 ],
      [  1.139601641640126E+04,  1.636141698931681E+04,  1.221001427766633E+04, -4.070003910306446E+03,  8.140008034184673E+02,  2.454212532582339E+04,  2.124541090401776E+04, -1.892551751665742E+04,  1.069597293914048E+05, -1.892551770700514E+04,  7.069597550419830E+05, -9.340658204810790E+04, -3.581605129946900E+03, -2.849002887955132E+04, -2.116401843284457E+04,  1.058200966867843E+04, -4.232805357389381E+04,  1.058200958727803E+04,  2.038257907495267E+05, -2.849002871832118E+04, -2.178265957602142E+05, -3.597883793523005E+04, -1.924298293026869E+05, -1.448921648239393E+04,  5.470089799115577E+04,  1.123321088303477E+05,  1.172161250874582E+05, -4.395604189562546E+04, -7.579976362137432E+05,  1.123321097553641E+05 ],
      [  2.454212532582344E+04,  3.256004605204624E+03, -4.070003910306451E+03,  6.105007138833173E+03,  1.636141698931678E+04,  2.849004004705283E+03, -1.892551770700514E+04,  3.040293279525205E+04, -1.892551751665743E+04,  3.369963735245926E+04, -9.340658204810790E+04,  3.534798775209918E+05, -2.849002871832123E+04,  4.607244263798199E+04,  1.058200958727804E+04, -1.546601732589521E+04,  1.058200966867844E+04, -1.628001867747403E+04, -2.849002887955128E+04,  5.404965017180783E+04, -1.448921648239378E+04, -1.030525056206778E+05, -3.597883793523027E+04, -1.020757069107728E+05,  1.123321097553644E+05, -1.601953665901683E+05, -4.395604189562549E+04,  5.860806254372918E+04,  1.123321088303476E+05, -1.914530025211256E+05 ],
      [ -1.754985840258155E+05,  2.995523041375661E+04, -6.691086768904229E+04,  1.579161639033466E+04,  8.140006406060616E+02, -1.068371055907846E-04, -5.388685214081588E+05,  1.092389104050118E+05, -1.823361765354166E+04, -4.070004609404403E+03, -3.581605129946903E+03, -2.849002871832123E+04,  5.326821442558256E+05, -1.009361001388155E+05,  2.800162896440621E+05, -5.404965732293810E+04, -3.646723354609034E+04, -9.768009344797076E+03, -7.374420465566800E-05, -9.768009686896568E+03, -6.512006098130698E+03,  9.768010043130240E+03, -7.684167113037205E+04,  1.009361015839178E+05,  3.646722115715536E+04, -1.237281234682788E+05,  3.646725108928763E+04,  3.256003261511935E+04,  3.646723685279708E+04,  3.256003338922501E+04 ],
      [  4.493284560003266E+04, -5.014245257880440E+04,  1.188441236853609E+04, -2.173382232087418E+04, -3.817050185261905E-05,  2.849002838710909E+03,  8.774928813750058E+04, -2.010581921603151E+05, -4.070004276926505E+03, -5.209605733010769E+03, -2.849002887955132E+04,  4.607244263798196E+04, -1.009361001388155E+05,  2.819698845544045E+05, -4.363044649090983E+04,  1.009361047345222E+05, -9.768009687838938E+03, -1.041920845725849E+04, -9.768009931721053E+03, -3.687210391944973E-05,  9.768009952709079E+03, -2.279202313730101E+04,  1.009361015728694E+05, -1.517297493808508E+05, -1.237281242005557E+05,  1.041920686382897E+04,  3.256003220813016E+04,  1.041921114903266E+04,  3.256003300101082E+04,  1.041921329603452E+04 ],
      [ -6.609687111265931E+04,  7.814408372892757E+03, -1.730565834729908E+05,  3.272283508000130E+04,  8.140005265239897E+02, -1.155049042154133E-04, -5.369149544582823E+05,  7.798127990654086E+04, -1.628002467931912E+04,  3.500203595629002E+04, -2.116401843284457E+04,  1.058200958727804E+04,  2.800162896440621E+05, -4.363044649090984E+04,  5.274725731357640E+05, -7.488808347438392E+04, -3.907202999436145E+04, -8.791209256479472E+04, -2.604797511014725E+03, -9.768009344797067E+03, -3.907207403045730E+03,  9.768011350309431E+03, -4.297923727404327E+04,  2.279202397498164E+04,  5.209603781509590E+04, -4.558404317656596E+04, -1.041919928769239E+04,  1.107041146056516E+05,  5.209605725687317E+04, -4.558404777233871E+04 ],
      [  1.172161246015113E+04, -1.888482038168264E+04,  1.774521930824178E+04, -4.159544471005265E+04, -8.796158832069523E-05,  2.849002439423580E+03,  9.947090154572438E+04, -1.942206048968835E+05,  3.500203595057382E+04,  1.627997474093023E+03,  1.058200966867843E+04, -1.546601732589522E+04, -5.404965732293810E+04,  1.009361047345222E+05, -7.488808347438392E+04,  2.637362794040450E+05, -8.791209223293960E+04, -1.953601499718072E+04, -9.768009687838929E+03, -9.116807071294052E+03,  9.768011238368897E+03, -1.367521313068018E+04,  2.279202373060451E+04, -3.321123302164507E+04, -4.558404380828726E+04,  6.512006637576464E+04,  1.107041137173146E+05, -1.536833482965580E+05, -4.558404722261287E+04,  6.512006188709434E+04 ],
      [  1.139600995655753E+04, -8.796158977020241E-05,  2.165242030826110E+04,  1.774521930824178E+04, -4.721205355855602E+03,  1.172161246015113E+04,  2.604801784694195E+04,  3.500203595057385E+04, -2.152218410184989E+05,  9.947090154572435E+04, -4.232805357389381E+04,  1.058200966867844E+04, -3.646723354609034E+04, -9.768009687838938E+03, -3.907202999436144E+04, -8.791209223293960E+04,  5.274725420924703E+05, -7.488808347438391E+04,  1.107041159315237E+05, -5.404965732293804E+04, -9.377289960741122E+04,  2.279202373060440E+04, -5.470084826272757E+04,  9.768011238368927E+03,  2.214082013777237E+05, -4.558404722261295E+04, -6.538054434494436E+05,  1.107041137173145E+05,  2.214082435107011E+05, -4.558404380828711E+04 ],
      [ -1.155049058070290E-04,  3.256002802117175E+03,  3.272283508000129E+04, -3.410663687231219E+04,  7.814408372892754E+03, -1.652421785257480E+04,  3.500203595629006E+04,  3.255999109718410E+03,  7.798127990654085E+04, -1.818477928415071E+05,  1.058200958727803E+04, -1.628001867747403E+04, -9.768009344797076E+03, -1.041920845725849E+04, -8.791209256479473E+04, -1.953601499718074E+04, -7.488808347438391E+04,  2.637362782100721E+05, -4.363044649090977E+04,  9.442409805327067E+04,  2.279202397498153E+04, -3.516483541908215E+04,  9.768011350309462E+03, -1.562881470220643E+04, -4.558404777233877E+04,  7.163206743020407E+04,  1.107041146056515E+05, -1.784289730720099E+05, -4.558404317656577E+04,  7.163207428713382E+04 ],
      [  1.139601155370685E+04, -3.817049685039819E-05, -1.611721775323872E+04,  1.188441236853608E+04, -1.253561314470126E+04,  4.493284560003260E+04, -1.302404247248061E+03, -4.070004276926496E+03, -2.425722243851795E+05,  8.774928813750048E+04,  2.038257907495266E+05, -2.849002887955128E+04, -7.374420420092065E-05, -9.768009931721052E+03, -2.604797511014725E+03, -9.768009687838929E+03,  1.107041159315237E+05, -4.363044649090977E+04,  6.004069981039555E+05, -1.009361001388153E+05, -5.678469643315853E+05,  1.009361015728692E+05, -9.116809314715177E+04,  9.768009952709057E+03,  2.604814621219681E+03,  3.256003300101083E+04,  2.604788708306067E+03,  3.256003220813009E+04,  2.604805059910791E+03, -1.237281242005555E+05 ],
      [ -1.068370977463928E-04,  3.256003258445553E+03,  1.579161639033465E+04, -1.978022040026634E+04,  2.995523041375658E+04, -4.387464600645386E+04, -4.070004609404391E+03, -4.558405217384082E+03,  1.092389104050118E+05, -1.896621807363542E+05, -2.849002871832118E+04,  5.404965017180783E+04, -9.768009686896568E+03, -3.687210414682340E-05, -9.768009344797067E+03, -9.116807071294048E+03, -5.404965732293804E+04,  9.442409805327069E+04, -1.009361001388153E+05,  2.845746866254861E+05,  1.009361015839175E+05, -1.706145683501279E+05,  9.768010043130209E+03, -2.604802648534026E+04,  3.256003338922503E+04,  9.116812440973828E+03,  3.256003261511930E+04,  9.116808749764188E+03, -1.237281234682787E+05,  9.116806244704043E+03 ],
      [ -1.139601181376936E+04, -7.814408240780032E+03,  1.221001303611009E+04, -4.070004180283845E+03,  2.442002429370339E+03, -4.493284559445883E+04, -2.930401012034853E+03,  4.070003412531487E+03,  2.070818014949327E+05, -4.477004404790834E+04, -2.178265957602142E+05, -1.448921648239378E+04, -6.512006098130700E+03,  9.768009952709079E+03, -3.907207403045730E+03,  9.768011238368896E+03, -9.377289960741119E+04,  2.279202397498153E+04, -5.678469643315854E+05,  1.009361015839175E+05,  6.004069955554070E+05, -1.009361030715676E+05,  9.768009834743376E+04,  1.107041131219960E+04,  1.562880711957442E+04, -3.256002951523544E+04,  1.562883132301862E+04, -3.256003561780908E+04, -4.688647218556877E+04,  1.237281289349712E+05 ],
      [ -1.172161231158870E+04, -3.256003439142644E+03, -4.070004210006946E+03,  6.105005727227624E+03, -2.995523041004073E+04,  8.547008502795692E+03,  4.070003306637899E+03, -1.025641118116573E+04, -4.477004361188744E+04,  6.544566236913194E+04, -3.597883793523004E+04, -1.030525056206779E+05,  9.768010043130240E+03, -2.279202313730101E+04,  9.768011350309431E+03, -1.367521313068018E+04,  2.279202373060439E+04, -3.516483541908215E+04,  1.009361015728692E+05, -1.706145683501279E+05, -1.009361030715676E+05,  2.845746775614392E+05,  2.148962152948119E+04,  4.884004917371690E+04, -3.256002954375440E+04,  5.470085938230230E+04, -3.256003605108352E+04,  5.470085564218958E+04,  1.237281284512331E+05, -1.641025650216848E+05 ],
      [  3.418803401118272E+04, -2.995523041004077E+04,  1.221000960919135E+04, -4.070004210006972E+03, -8.140011202205015E+02, -1.172161231158869E+04,  4.200243518881766E+04, -4.477004361188768E+04, -4.102564727101088E+04,  4.070003306637900E+03, -1.924298293026869E+05, -3.597883793523024E+04, -7.684167113037205E+04,  1.009361015728694E+05, -4.297923727404327E+04,  2.279202373060451E+04, -5.470084826272755E+04,  9.768011350309462E+03, -9.116809314715180E+04,  9.768010043130209E+03,  9.768009834743374E+04,  2.148962152948119E+04,  5.326821079515963E+05, -1.009361030715678E+05, -6.564102308774723E+05,  1.237281284512335E+05,  2.188034045726340E+05, -3.256003605108369E+04,  2.188034490171396E+05, -3.256002954375435E+04 ],
      [ -4.493284559445890E+04,  9.768009717480762E+03, -4.070004180283868E+03,  6.105005595423089E+03, -7.814408240780025E+03, -2.849003027852299E+03, -4.477004404790854E+04,  5.909645597274325E+04,  4.070003412531491E+03, -1.172161296035714E+04, -1.448921648239393E+04, -1.020757069107728E+05,  1.009361015839178E+05, -1.517297493808508E+05,  2.279202397498164E+04, -3.321123302164507E+04,  9.768011238368923E+03, -1.562881470220644E+04,  9.768009952709057E+03, -2.604802648534027E+04,  1.107041131219960E+04,  4.884004917371689E+04, -1.009361030715678E+05,  2.819698741920624E+05,  1.237281289349715E+05, -1.875457865098354E+05, -3.256003561780924E+04,  6.251526230563654E+04, -3.256002951523540E+04,  6.251526868605478E+04 ],
      [ -2.279202478170324E+04, -2.207454554934429E-04, -2.442001978573068E+04,  8.140008094463157E+03, -1.628001673875722E+03,  1.513817803697748E-04, -8.205125432363625E+04,  1.611721511178941E+05,  1.074481065041511E+05,  4.884004497367103E+03,  5.470089799115578E+04,  1.123321097553644E+05,  3.646722115715533E+04, -1.237281242005557E+05,  5.209603781509591E+04, -4.558404380828726E+04,  2.214082013777237E+05, -4.558404777233877E+04,  2.604814621219668E+03,  3.256003338922503E+04,  1.562880711957442E+04, -3.256002954375440E+04, -6.564102308774723E+05,  1.237281289349715E+05,  1.641025595612255E+06, -2.735042740716671E+05, -1.109645861190799E+06,  1.953601991810725E+05, -2.344322621262805E+05, -1.172161225161786E+05 ],
      [ -2.648548336310341E-04, -6.512006910095142E+03,  8.140008058164412E+03, -1.221001213611619E+04, -1.018646344164154E-06, -5.698006751484613E+03,  1.611721494130029E+05, -1.992673981921433E+05,  4.884004646868303E+03,  2.442002598720636E+04,  1.123321088303477E+05, -1.601953665901683E+05, -1.237281234682788E+05,  1.041920686382896E+04, -4.558404317656595E+04,  6.512006637576467E+04, -4.558404722261295E+04,  7.163206743020409E+04,  3.256003300101083E+04,  9.116812440973828E+03, -3.256002951523544E+04,  5.470085938230231E+04,  1.237281284512335E+05, -1.875457865098354E+05, -2.735042740716671E+05,  8.205128349345180E+05,  1.953601967016393E+05, -3.672771632682224E+05, -1.172161220390659E+05, -1.172161310631401E+05 ],
      [ -2.279202254846751E+04,  2.009551576520607E-05, -2.442003075008768E+04,  8.140009823917763E+03, -1.628001334224959E+03, -7.315982566069579E-05, -1.953604213134391E+04, -1.514041466448534E+05,  1.074481463633410E+05, -1.514041472377688E+05,  1.172161250874581E+05, -4.395604189562549E+04,  3.646725108928763E+04,  3.256003220813016E+04, -1.041919928769246E+04,  1.107041137173145E+05, -6.538054434494436E+05,  1.107041146056515E+05,  2.604788708306080E+03,  3.256003261511930E+04,  1.562883132301862E+04, -3.256003605108353E+04,  2.188034045726340E+05, -3.256003561780924E+04, -1.109645861190799E+06,  1.953601967016392E+05,  1.641025585572417E+06, -2.735042823889614E+05, -2.969475361063639E+05,  1.953601991810722E+05 ],
      [ -7.315981383726466E-05, -6.512006378639317E+03,  8.140009823917764E+03, -1.221001537504385E+04,  2.009550826187478E-05, -5.698005562706913E+03, -1.514041472377689E+05,  1.953602243310156E+04, -1.514041466448533E+05,  2.442002968289699E+04, -4.395604189562545E+04,  5.860806254372917E+04,  3.256003261511935E+04,  1.041921114903267E+04,  1.107041146056516E+05, -1.536833482965580E+05,  1.107041137173145E+05, -1.784289730720099E+05,  3.256003220813009E+04,  9.116808749764183E+03, -3.256003561780908E+04,  5.470085564218958E+04, -3.256003605108370E+04,  6.251526230563654E+04,  1.953601991810725E+05, -3.672771632682224E+05, -2.735042823889614E+05,  8.205127927862086E+05,  1.953601967016388E+05, -3.360195353803589E+05 ],
      [ -2.279202730357831E+04, -1.018651801132364E-06, -2.442002950648423E+04,  8.140008058164369E+03, -1.628001031758527E+03, -2.648547904300358E-04, -1.953601164361548E+04,  4.884004646868324E+03, -7.677655954550452E+05,  1.611721494130027E+05, -7.579976362137432E+05,  1.123321088303475E+05,  3.646723685279710E+04,  3.256003300101082E+04,  5.209605725687317E+04, -4.558404722261287E+04,  2.214082435107011E+05, -4.558404317656577E+04,  2.604805059910791E+03, -1.237281234682787E+05, -4.688647218556877E+04,  1.237281284512331E+05,  2.188034490171396E+05, -3.256002951523540E+04, -2.344322621262805E+05, -1.172161220390659E+05, -2.969475361063639E+05,  1.953601967016388E+05,  1.641025756501945E+06, -2.735042740716662E+05 ],
      [  1.513817685463437E-04, -6.512007737242407E+03,  8.140008094463115E+03, -1.221001250999127E+04, -2.207454203926318E-04, -5.698005996635702E+03,  4.884004497367147E+03,  1.953602144306143E+04,  1.611721511178939E+05, -2.256410266971972E+05,  1.123321097553641E+05, -1.914530025211256E+05,  3.256003338922501E+04,  1.041921329603451E+04, -4.558404777233871E+04,  6.512006188709435E+04, -4.558404380828711E+04,  7.163207428713382E+04, -1.237281242005555E+05,  9.116806244704043E+03,  1.237281289349712E+05, -1.641025650216849E+05, -3.256002954375435E+04,  6.251526868605478E+04, -1.172161225161786E+05, -1.172161310631401E+05,  1.953601991810722E+05, -3.360195353803589E+05, -2.735042740716662E+05,  8.205128411225821E+05 ]
    ],
    [
      [  1.004273568527569E+05, -2.449381286174796E-11,  1.524216671898211E+04, -3.266178524635511E+03,  1.129513786233170E-04,  3.266178481877574E+03,  1.259259328546839E+05, -2.454212451730336E+04,  1.139601353061960E+04, -6.906601493028575E-04,  1.139601397786367E+04,  2.454212410455396E+04, -1.754985861697582E+05,  4.493284579330136E+04, -6.609686789277184E+04,  1.172161197800180E+04,  1.139601101815788E+04,  9.590271688466601E-04,  1.139601078173622E+04, -3.416896220187482E-05, -1.139601336169492E+04, -1.172161226749681E+04,  3.418802812409357E+04, -4.493284580056513E+04, -2.279202967790032E+04,  3.062322956566277E-04, -2.279202247920845E+04, -1.882860004059239E-03, -2.279202512986743E+04,  1.929683518255843E-03 ],
      [ -2.449381286174796E-11,  2.869353052935913E+04, -2.177452362307167E+03,  4.354904801055905E+03,  2.177452321251712E+03,  5.647568408772187E-05, -1.636141610060585E+04,  3.597883818132503E+04, -7.113682381714170E-04,  3.256004833756942E+03,  1.636141570989087E+04,  3.256004216519277E+03,  2.995523045856061E+04, -5.014245319135955E+04,  7.814407823928622E+03, -1.888481917963591E+04,  9.510435727406730E-04,  3.256002639908608E+03, -7.099320077941229E-05,  3.256002572359454E+03, -7.814408130117277E+03, -3.256003599328209E+03, -2.995523046340308E+04,  9.768008035455217E+03,  3.197034861273096E-04, -6.512008925087535E+03, -1.752787746852391E-03, -6.512006640930158E+03,  1.897195531910256E-03, -6.512007398261278E+03 ],
      [  1.524216671898211E+04, -2.177452362307167E+03,  1.076007504001754E+05, -3.586691680005844E+04,  1.088726299096460E+03, -3.266178524635509E+03,  1.267399396031762E+05, -2.043142240208607E+04,  2.039071958245485E+04, -2.861213108494230E+04,  1.221001288350185E+04, -4.070004806375042E+03, -6.691087568708695E+04,  1.188441287650086E+04, -1.730565904692759E+05,  1.774521921302875E+04,  2.165242572415478E+04,  3.272283570201141E+04, -1.611721636535141E+04,  1.579161719200959E+04,  1.221000942257065E+04, -4.070003393387895E+03,  1.221001210622340E+04, -4.070003390085784E+03, -2.442003343998625E+04,  8.140010131130029E+03, -2.442002728458213E+04,  8.140009520012540E+03, -2.442002524301669E+04,  8.140010045506236E+03 ],
      [ -3.266178524635511E+03,  4.354904801055905E+03, -3.586691680005844E+04,  5.380037520008769E+04, -2.177452362307165E+03,  3.810541707983380E+03, -2.861213108494231E+04,  3.882784210449857E+04, -2.043142240208606E+04,  3.473748748831698E+04, -4.070004806375042E+03,  6.105006441750932E+03,  1.579161719200960E+04, -2.173382415391220E+04,  3.272283570201141E+04, -4.159544534384626E+04,  1.774521921302875E+04, -3.410663702871430E+04,  1.188441287650086E+04, -1.978022187230699E+04, -4.070003390085767E+03,  6.105005330589792E+03, -4.070003393387914E+03,  6.105005433807230E+03,  8.140010045506274E+03, -1.221001482838480E+04,  8.140009520012536E+03, -1.221001364229106E+04,  8.140010131129984E+03, -1.221001451311669E+04 ],
      [  1.129513786233170E-04,  2.177452321251712E+03,  1.088726299096460E+03, -2.177452362307165E+03,  7.173382632339880E+03, -1.097992409104418E-11,  8.140051605572286E+02, -7.113682512454034E-04,  8.994710455277185E+03, -1.636141610060582E+04,  8.140019640759664E+02,  1.636141570989085E+04,  8.139985681986859E+02, -7.099319077497057E-05,  8.139985850864311E+02,  9.510435789650273E-04, -4.721203903521782E+03,  7.814407823928618E+03, -1.253561329784011E+04,  2.995523045856056E+04,  2.442002008863377E+03, -2.995523046340303E+04, -8.140000084448459E+02, -7.814408130117284E+03, -1.628002740953566E+03,  1.897195542369445E-03, -1.628002551620826E+03, -1.752787756686303E-03, -1.628004051162291E+03,  3.197034788513520E-04 ],
      [  3.266178481877574E+03,  5.647568408772186E-05, -3.266178524635509E+03,  3.810541707983380E+03, -1.097992409104418E-11,  2.510683921318922E+04, -6.906601634000253E-04,  2.849004511831471E+03, -2.454212451730332E+04,  3.148148347365552E+04,  2.454212410455393E+04,  2.849003754450547E+03, -3.416895788177499E-05,  2.849002102608008E+03,  9.590271782826676E-04,  2.849002161713539E+03,  1.172161197800180E+04, -1.652421671851090E+04,  4.493284579330130E+04, -4.387464654243955E+04, -4.493284580056508E+04,  8.547007031023248E+03, -1.172161226749681E+04, -2.849003085741675E+03,  1.929683530761395E-03, -5.698006537149213E+03, -1.882860016394261E-03, -5.698005874484466E+03,  3.062322921323357E-04, -5.698007939443737E+03 ],
      [  1.259259328546839E+05, -1.636141610060585E+04,  1.267399396031762E+05, -2.861213108494231E+04,  8.140051605572282E+02, -6.906601634000253E-04,  8.437119904114668E+05, -1.422466639494131E+05,  1.465202435686406E+04,  1.404152166424497E+04,  2.124545172650167E+04, -1.892553051253696E+04, -5.388685978297265E+05,  8.774928611350899E+04, -5.369149622450334E+05,  9.947091226675622E+04,  2.604801613649659E+04,  3.500203712890709E+04, -1.302409020374024E+03, -4.070004694624326E+03, -2.930418292574971E+03,  4.070008511185829E+03,  4.200242004354321E+04, -4.477003575634621E+04, -8.205139676147197E+04,  1.611722009558026E+05, -1.953603131838661E+04, -1.514041768025073E+05, -1.953600631227842E+04,  4.884001671514467E+03 ],
      [ -2.454212451730336E+04,  3.597883818132503E+04, -2.043142240208607E+04,  3.882784210449857E+04, -7.113682507906560E-04,  2.849004511831471E+03, -1.422466639494131E+05,  3.925519429244092E+05,  1.404152075619267E+04,  7.326012178432009E+03, -1.892553016345525E+04,  3.040294030906188E+04,  1.092389090919361E+05, -2.010582193378088E+05,  7.798128951318885E+04, -1.942205993250795E+05,  3.500203743855409E+04,  3.256000108582353E+03, -4.070004885066649E+03, -4.558408022814676E+03,  4.070008742032248E+03, -1.025641511796560E+04, -4.477003522269002E+04,  5.909644631917864E+04,  1.611722001142532E+05, -1.992674329735441E+05, -1.514041758303740E+05,  1.953600822498271E+04,  4.884001260056394E+03,  1.953602413042484E+04 ],
      [  1.139601353061960E+04, -7.113682377166697E-04,  2.039071958245485E+04, -2.043142240208606E+04,  8.994710455277183E+03, -2.454212451730332E+04,  1.465202435686405E+04,  1.404152075619267E+04,  7.167277638590613E+05, -1.422466639494130E+05,  1.069597143250161E+05, -1.892553016345524E+04, -1.823362424176057E+04, -4.070004885066671E+03, -1.628001835538906E+04,  3.500203743855406E+04, -2.152218077894719E+05,  7.798128951318887E+04, -2.425722529958235E+05,  1.092389090919360E+05,  2.070817773323066E+05, -4.477003522268990E+04, -4.102564416984677E+04,  4.070008742032223E+03,  1.074481119294991E+05,  4.884001260056422E+03,  1.074480721797093E+05, -1.514041758303739E+05, -7.677655799969729E+05,  1.611722001142529E+05 ],
      [ -6.906601493028575E-04,  3.256004833756942E+03, -2.861213108494229E+04,  3.473748748831698E+04, -1.636141610060581E+04,  3.148148347365551E+04,  1.404152166424497E+04,  7.326012178432007E+03, -1.422466639494130E+05,  3.876679342108551E+05, -1.892553051253693E+04,  3.369964271669704E+04, -4.070004694624362E+03, -5.209608608252627E+03,  3.500203712890706E+04,  1.627998781971355E+03,  9.947091226675628E+04, -1.818477856921733E+05,  8.774928611350888E+04, -1.896622060749663E+05, -4.477003575634607E+04,  6.544565236874625E+04,  4.070008511185794E+03, -1.172161611324527E+04,  4.884001671514510E+03,  2.442002867818552E+04, -1.514041768025073E+05,  2.442001220567859E+04,  1.611722009558022E+05, -2.256410554056784E+05 ],
      [  1.139601397786367E+04,  1.636141570989087E+04,  1.221001288350184E+04, -4.070004806375041E+03,  8.140019640759665E+02,  2.454212410455393E+04,  2.124545172650168E+04, -1.892553016345526E+04,  1.069597143250161E+05, -1.892553051253693E+04,  7.069597005455572E+05, -9.340661493409576E+04, -3.581624976730200E+03, -2.849002385767318E+04, -2.116403089224345E+04,  1.058201424073625E+04, -4.232804137171470E+04,  1.058201435511732E+04,  2.038257975396294E+05, -2.849002400825102E+04, -2.178266454903262E+05, -3.597883326122497E+04, -1.924297672699309E+05, -1.448921142813123E+04,  5.470081658671572E+04,  1.123321235899800E+05,  1.172161047148250E+05, -4.395604236170706E+04, -7.579975413977877E+05,  1.123321229851968E+05 ],
      [  2.454212410455396E+04,  3.256004216519277E+03, -4.070004806375041E+03,  6.105006441750930E+03,  1.636141570989085E+04,  2.849003754450547E+03, -1.892553051253696E+04,  3.040294030906188E+04, -1.892553016345524E+04,  3.369964271669704E+04, -9.340661493409576E+04,  3.534798502727788E+05, -2.849002400825105E+04,  4.607243886156409E+04,  1.058201435511734E+04, -1.546601786446128E+04,  1.058201424073624E+04, -1.628001826751784E+04, -2.849002385767316E+04,  5.404964741988554E+04, -1.448921142813114E+04, -1.030525046943027E+05, -3.597883326122510E+04, -1.020757016858259E+05,  1.123321229851970E+05, -1.601953666261431E+05, -4.395604236170708E+04,  5.860805235741259E+04,  1.123321235899799E+05, -1.914529957793930E+05 ],
      [ -1.754985861697582E+05,  2.995523045856060E+04, -6.691087568708695E+04,  1.579161719200960E+04,  8.139985681986861E+02, -3.416895833652234E-05, -5.388685978297265E+05,  1.092389090919361E+05, -1.823362424176057E+04, -4.070004694624362E+03, -3.581624976730185E+03, -2.849002400825104E+04,  5.326821525947802E+05, -1.009361057257711E+05,  2.800162971924435E+05, -5.404965420715455E+04, -3.646723469433426E+04, -9.768013453976955E+03,  3.934725664294092E-03, -9.768009949289673E+03, -6.511996313737495E+03,  9.768009732941471E+03, -7.684166267037485E+04,  1.009360999643705E+05,  3.646731104240589E+04, -1.237281276708819E+05,  3.646723798501828E+04,  3.256004063336438E+04,  3.646723224062185E+04,  3.256002922001260E+04 ],
      [  4.493284579330136E+04, -5.014245319135954E+04,  1.188441287650086E+04, -2.173382415391220E+04, -7.099319032022322E-05,  2.849002102608007E+03,  8.774928611350901E+04, -2.010582193378088E+05, -4.070004885066671E+03, -5.209608608252624E+03, -2.849002385767318E+04,  4.607243886156408E+04, -1.009361057257711E+05,  2.819698843757612E+05, -4.363044295320495E+04,  1.009361047939763E+05, -9.768013266913127E+03, -1.041920926931630E+04, -9.768009290888927E+03,  1.967362831010178E-03,  9.768009566982979E+03, -2.279201958914162E+04,  1.009360991246775E+05, -1.517297443915759E+05, -1.237281267804696E+05,  1.041923598538734E+04,  3.256004090145844E+04,  1.041921495722865E+04,  3.256002873124779E+04,  1.041920605099970E+04 ],
      [ -6.609686789277184E+04,  7.814407823928622E+03, -1.730565904692759E+05,  3.272283570201141E+04,  8.139985850864311E+02,  9.590271778279202E-04, -5.369149622450334E+05,  7.798128951318885E+04, -1.628001835538908E+04,  3.500203712890706E+04, -2.116403089224345E+04,  1.058201435511735E+04,  2.800162971924435E+05, -4.363044295320495E+04,  5.274725103995427E+05, -7.488806805450784E+04, -3.907203918110015E+04, -8.791209460107502E+04, -2.604799690313982E+03, -9.768013453976962E+03, -3.907193565647789E+03,  9.768006838130297E+03, -4.297924012277317E+04,  2.279202045411546E+04,  5.209612105684634E+04, -4.558406661070450E+04, -1.041919893711371E+04,  1.107041039730032E+05,  5.209604200811627E+04, -4.558403999573359E+04 ],
      [  1.172161197800180E+04, -1.888481917963591E+04,  1.774521921302875E+04, -4.159544534384624E+04,  9.510435791924010E-04,  2.849002161713539E+03,  9.947091226675622E+04, -1.942205993250795E+05,  3.500203743855406E+04,  1.627998781971355E+03,  1.058201424073625E+04, -1.546601786446128E+04, -5.404965420715455E+04,  1.009361047939763E+05, -7.488806805450784E+04,  2.637362631068647E+05, -8.791209485689249E+04, -1.953601959055004E+04, -9.768013266913124E+03, -9.116807923007795E+03,  9.768006841642316E+03, -1.367521239304439E+04,  2.279202050895840E+04, -3.321123053230214E+04, -4.558406609680671E+04,  6.512008575220911E+04,  1.107041029086192E+05, -1.536833562899736E+05, -4.558404003418877E+04,  6.512006813464672E+04 ],
      [  1.139601101815788E+04,  9.510435729680466E-04,  2.165242572415479E+04,  1.774521921302875E+04, -4.721203903521782E+03,  1.172161197800180E+04,  2.604801613649658E+04,  3.500203743855409E+04, -2.152218077894719E+05,  9.947091226675628E+04, -4.232804137171473E+04,  1.058201424073624E+04, -3.646723469433427E+04, -9.768013266913127E+03, -3.907203918110015E+04, -8.791209485689249E+04,  5.274725446636146E+05, -7.488806805450797E+04,  1.107041073827130E+05, -5.404965420715453E+04, -9.377288549674037E+04,  2.279202050895833E+04, -5.470086120993680E+04,  9.768006841642351E+03,  2.214082462406674E+05, -4.558404003418891E+04, -6.538054784965869E+05,  1.107041029086192E+05,  2.214082303599179E+05, -4.558406609680649E+04 ],
      [  9.590271693014074E-04,  3.256002639908608E+03,  3.272283570201141E+04, -3.410663702871430E+04,  7.814407823928615E+03, -1.652421671851090E+04,  3.500203712890709E+04,  3.256000108582353E+03,  7.798128951318887E+04, -1.818477856921733E+05,  1.058201435511733E+04, -1.628001826751784E+04, -9.768013453976955E+03, -1.041920926931629E+04, -8.791209460107503E+04, -1.953601959055006E+04, -7.488806805450797E+04,  2.637362644247139E+05, -4.363044295320493E+04,  9.442409749360198E+04,  2.279202045411538E+04, -3.516483227745463E+04,  9.768006838130335E+03, -1.562881499474787E+04, -4.558403999573371E+04,  7.163207598974505E+04,  1.107041039730033E+05, -1.784289824268766E+05, -4.558406661070429E+04,  7.163208995617312E+04 ],
      [  1.139601078173621E+04, -7.099320009729126E-05, -1.611721636535140E+04,  1.188441287650086E+04, -1.253561329784010E+04,  4.493284579330130E+04, -1.302409020374022E+03, -4.070004885066647E+03, -2.425722529958234E+05,  8.774928611350889E+04,  2.038257975396293E+05, -2.849002385767316E+04,  3.934725664294092E-03, -9.768009290888924E+03, -2.604799690313981E+03, -9.768013266913124E+03,  1.107041073827130E+05, -4.363044295320493E+04,  6.004069876010543E+05, -1.009361057257709E+05, -5.678469525813909E+05,  1.009360991246773E+05, -9.116808918691984E+04,  9.768009566982973E+03,  2.604788606939886E+03,  3.256002873124777E+04,  2.604820498802970E+03,  3.256004090145841E+04,  2.604826387204849E+03, -1.237281267804694E+05 ],
      [ -3.416896288399585E-05,  3.256002572359454E+03,  1.579161719200959E+04, -1.978022187230698E+04,  2.995523045856055E+04, -4.387464654243956E+04, -4.070004694624325E+03, -4.558408022814676E+03,  1.092389090919360E+05, -1.896622060749663E+05, -2.849002400825102E+04,  5.404964741988554E+04, -9.768009949289677E+03,  1.967362832829167E-03, -9.768013453976959E+03, -9.116807923007793E+03, -5.404965420715454E+04,  9.442409749360199E+04, -1.009361057257709E+05,  2.845746857221561E+05,  1.009360999643703E+05, -1.706145632343071E+05,  9.768009732941464E+03, -2.604802316118707E+04,  3.256002922001256E+04,  9.116804372781131E+03,  3.256004063336438E+04,  9.116814284681917E+03, -1.237281276708817E+05,  9.116832729417991E+03 ],
      [ -1.139601336169491E+04, -7.814408130117276E+03,  1.221000942257065E+04, -4.070003390085768E+03,  2.442002008863377E+03, -4.493284580056508E+04, -2.930418292574975E+03,  4.070008742032248E+03,  2.070817773323065E+05, -4.477003575634607E+04, -2.178266454903261E+05, -1.448921142813114E+04, -6.511996313737493E+03,  9.768009566982979E+03, -3.907193565647790E+03,  9.768006841642315E+03, -9.377288549674037E+04,  2.279202045411538E+04, -5.678469525813909E+05,  1.009360999643703E+05,  6.004069876628947E+05, -1.009360932821993E+05,  9.768010116199778E+04,  1.107041083551101E+04,  1.562882402619510E+04, -3.256004077100056E+04,  1.562879489463913E+04, -3.256002561812531E+04, -4.688639806635983E+04,  1.237281148979530E+05 ],
      [ -1.172161226749681E+04, -3.256003599328210E+03, -4.070003393387895E+03,  6.105005330589794E+03, -2.995523046340303E+04,  8.547007031023248E+03,  4.070008511185828E+03, -1.025641511796560E+04, -4.477003522268988E+04,  6.544565236874625E+04, -3.597883326122497E+04, -1.030525046943027E+05,  9.768009732941471E+03, -2.279201958914163E+04,  9.768006838130299E+03, -1.367521239304439E+04,  2.279202050895831E+04, -3.516483227745463E+04,  1.009360991246773E+05, -1.706145632343071E+05, -1.009360932821993E+05,  2.845746861005222E+05,  2.148962150128939E+04,  4.884005058099890E+04, -3.256004096998650E+04,  5.470085567498000E+04, -3.256002482945420E+04,  5.470084963824901E+04,  1.237281160276843E+05, -1.641025552755327E+05 ],
      [  3.418802812409357E+04, -2.995523046340308E+04,  1.221001210622340E+04, -4.070003393387916E+03, -8.140000084448461E+02, -1.172161226749681E+04,  4.200242004354321E+04, -4.477003522269003E+04, -4.102564416984677E+04,  4.070008511185793E+03, -1.924297672699309E+05, -3.597883326122510E+04, -7.684166267037485E+04,  1.009360991246775E+05, -4.297924012277318E+04,  2.279202050895840E+04, -5.470086120993682E+04,  9.768006838130339E+03, -9.116808918691985E+04,  9.768009732941464E+03,  9.768010116199781E+04,  2.148962150128938E+04,  5.326821541622197E+05, -1.009360932821994E+05, -6.564102751165561E+05,  1.237281160276845E+05,  2.188034210553340E+05, -3.256002482945433E+04,  2.188034132276856E+05, -3.256004096998647E+04 ],
      [ -4.493284580056513E+04,  9.768008035455219E+03, -4.070003390085784E+03,  6.105005433807230E+03, -7.814408130117282E+03, -2.849003085741673E+03, -4.477003575634620E+04,  5.909644631917861E+04,  4.070008742032223E+03, -1.172161611324527E+04, -1.448921142813122E+04, -1.020757016858259E+05,  1.009360999643705E+05, -1.517297443915759E+05,  2.279202045411546E+04, -3.321123053230214E+04,  9.768006841642349E+03, -1.562881499474787E+04,  9.768009566982973E+03, -2.604802316118707E+04,  1.107041083551102E+04,  4.884005058099889E+04, -1.009360932821994E+05,  2.819698848120351E+05,  1.237281148979532E+05, -1.875457813159251E+05, -3.256002561812542E+04,  6.251525833673742E+04, -3.256004077100053E+04,  6.251526295196038E+04 ],
